1758902948624 0.0027580772261623326 0
1758902981718 0.003258577726662833 1
1758903014545 0.002916514764855997 2
1758903046489 0.002295025532159045 3
1758903079303 0.0028469750889679717 4
1758903113066 0.03038427167113494 5
1758903145137 0.1 6
1758903178540 0.001447784508705757 7
1758903217912 0.6229508196721312 8
1758903253277 0.02350030921459493 9
1758903287775 0.01609657947686117 10
1758903321363 0.06932409012131716 11
1758903355967 0.02460697197539303 12
1758903390816 0.033112582781456956 13
1758903428260 0.017145306472353194 14
1758903463640 0.6031746031746031 15
1758903500294 0.03987408184679958 16
1758903537010 0.02666666666666667 17
1758903573515 0.02531645569620253 18
1758903607950 0.03875968992248062 19
1758903641693 0.05215123859191656 20
