1758902948594 0.0011665888940737283 0
1758902981693 0.0018490391600079245 1
1758903014518 0.0008636559921816405 2
1758903046462 0.001082727118930807 3
1758903079275 0.001295840352468576 4
1758903113037 0.0008307372793354102 5
1758903145108 0.0010036885554412466 6
1758903178508 0.0017552327877484752 7
1758903217880 0.008754476721050538 8
1758903253245 0.0025200610120034487 9
1758903287743 0.00558659217877095 10
1758903321330 0.013112491373360938 11
1758903355933 0.004123711340206186 12
1758903390784 0.006598845202089634 13
1758903428224 0.0027789966359514405 14
1758903463605 0.00212122819112266 15
1758903500259 0.012153950033760972 16
1758903536975 0.0029678225554514216 17
1758903573478 0.005638818815848048 18
1758903607912 0.003148301574150787 19
1758903641658 0.014972419227738377 20
