1758902948544 0.6166666666666667 0
1758902981628 0.9666666666666667 1
1758903014453 0.7666666666666667 2
1758903046397 0.9166666666666666 3
1758903079208 0.95 4
1758903112969 0.9 5
1758903145039 0.9833333333333333 6
1758903178435 1.0 7
1758903217805 0.9 8
1758903253169 1.0 9
1758903287667 0.9166666666666666 10
1758903321254 0.95 11
1758903355847 0.8 12
1758903390706 0.95 13
1758903428144 0.95 14
1758903463516 0.95 15
1758903500179 0.8 16
1758903536892 0.95 17
1758903573393 0.95 18
1758903607828 1.0 19
1758903641570 0.9833333333333333 20
