1758902948524 0.5903058280438546 0
1758902981599 0.6797461050201962 1
1758903014426 0.599538372763993 2
1758903046369 0.651471436814772 3
1758903079179 0.8211194460473168 4
1758903112939 0.8205424120023082 5
1758903145009 0.5239469128678592 6
1758903178402 0.7010963646855164 7
1758903217759 0.9971148297749567 8
1758903253137 0.8297749567224466 9
1758903287635 0.93133294864397 10
1758903321220 0.9711482977495672 11
1758903355814 0.9607616849394114 12
1758903390673 0.9619157530294288 13
1758903428110 0.8799769186381996 14
1758903463474 0.9134448932487017 15
1758903500143 0.981534910559723 16
1758903536855 0.9619157530294288 17
1758903573353 0.986728216964801 18
1758903607790 0.9019042123485286 19
1758903641532 0.979803808424697 20
