1758902948550 0.24025974025974026 0
1758902981637 0.025800711743772242 1
1758903014462 0.02213666987487969 2
1758903046406 0.03205128205128205 3
1758903079218 0.030927835051546393 4
1758903112979 0.0157251019219569 5
1758903145049 0.01761719916392953 6
1758903178445 0.022115739034279394 7
1758903217816 0.13533834586466165 8
1758903253181 0.015461925009663703 9
1758903287677 0.02164076332874287 10
1758903321266 0.05130513051305131 11
1758903355859 0.06579849211788896 12
1758903390717 0.04604200323101777 13
1758903428156 0.032749209997127264 14
1758903463530 0.034545454545454546 15
1758903500190 0.06881720430107527 16
1758903536905 0.04163623082542001 17
1758903573405 0.13555291319857313 18
1758903607841 0.01696113074204947 19
1758903641582 0.055425082198215125 20
