1758902948537 0.14919354838709678 0
1758902981619 0.013074842200180343 1
1758903014444 0.01123046875 2
1758903046388 0.01631079478054567 3
1758903079198 0.015719801434087147 4
1758903112959 0.007931844888366627 5
1758903145030 0.008888219343175656 6
1758903178425 0.011181513231457324 7
1758903217793 0.07317073170731707 8
1758903253159 0.007791195948578107 9
1758903287656 0.01094963169420665 10
1758903321243 0.026364477335800184 11
1758903355836 0.034310221586847746 12
1758903390695 0.02359271523178808 13
1758903428133 0.01666179479684303 14
1758903463504 0.017592592592592594 15
1758903500167 0.035955056179775284 16
1758903536880 0.02128454070201643 17
1758903573381 0.07298335467349552 18
1758903607815 0.008553100498930863 19
1758903641558 0.028516191396810053 20
