1758902948530 0.039357506973165333 0
1758902981609 0.040545191711984584 1
1758903014435 0.07897837406407966 2
1758903046378 0.05979872881355932 3
1758903079189 0.06017676660887216 4
1758903112950 0.07756293124607958 5
1758903145020 0.0439188372149266 6
1758903178414 0.07223113964686999 7
1758903217779 0.04082211197732105 8
1758903253147 0.04929046411188044 9
1758903287646 0.04316489041627108 10
1758903321232 0.0408981555733761 11
1758903355825 0.046438980852636425 12
1758903390685 0.04193974463802755 13
1758903428121 0.05070825297599255 14
1758903463487 0.04864258607709681 15
1758903500155 0.042230966893007434 16
1758903536867 0.0510621352978114 17
1758903573367 0.04480016767314217 18
1758903607803 0.05255813171478051 19
1758903641545 0.044605563874221765 20
