1758902948579 0.0005837484433374844 0
1758902981675 0.0009257422469086821 1
1758903014499 0.00043202437527001524 2
1758903046443 0.0005417301506686981 3
1758903079256 0.0006484803942760798 4
1758903113017 0.00041556042941244374 5
1758903145088 0.0005020962518514799 6
1758903178487 0.0008783872809521718 7
1758903217859 0.004412354592860008 8
1758903253224 0.001261703964406667 9
1758903287722 0.002806361085126286 10
1758903321308 0.00660180681028492 11
1758903355906 0.002066115702479339 12
1758903390761 0.0033176665745092617 13
1758903428202 0.0013915336165226308 14
1758903463581 0.0010617401921749748 15
1758903500237 0.006118286879673691 16
1758903536952 0.001486232790988736 17
1758903573453 0.0028278017562137223 18
1758903607889 0.0015767634854771783 19
1758903641632 0.007545671167593328 20
