1758902948516 0.020357398710499085 0
1758902981588 0.02089578713968958 1
1758903014415 0.04227357799658231 2
1758903046360 0.031337607905182224 3
1758903079169 0.03123285265907245 4
1758903112929 0.040705330050953226 5
1758903144999 0.022920032310177706 6
1758903178390 0.03807703155849447 7
1758903217743 0.020837604157873793 8
1758903253125 0.025399629073567076 9
1758903287625 0.022094455852156056 10
1758903321209 0.02088892750313396 11
1758903355804 0.023794552262268842 12
1758903390661 0.021437205833183304 13
1758903428098 0.026106308311221432 14
1758903463462 0.02498658332544117 15
1758903500130 0.021579721912107986 16
1758903536842 0.026227186910006292 17
1758903573341 0.022920408546229527 18
1758903607777 0.027067747298420614 19
1758903641519 0.02282227389416809 20
