1758902948607 0.0013817607579944729 0
1758902981701 0.0016324178989821393 1
1758903014527 0.0014603870025556773 2
1758903046471 0.0011488310643919812 3
1758903079284 0.0014255167498218105 4
1758903113047 0.015468607825295723 5
1758903145118 0.05384615384615385 6
1758903178519 0.0007244442749837954 7
1758903217891 0.4634146341463415 8
1758903253256 0.011897307451471509 9
1758903287753 0.008113590263691683 10
1758903321341 0.03590664272890485 11
1758903355944 0.012474012474012475 12
1758903390795 0.016835016835016835 13
1758903428237 0.00864677907479464 14
1758903463617 0.4418604651162791 15
1758903500271 0.020364415862808145 16
1758903536987 0.013513513513513514 17
1758903573491 0.01282051282051282 18
1758903607925 0.019762845849802372 19
1758903641669 0.02677376171352075 20
