1758902948633 0.21670838267062834 0
1758902981726 0.21429070406848552 1
1758903014555 0.22097904293919943 2
1758903046498 0.21181663704053566 3
1758903079312 0.21904948342037098 4
1758903113076 0.22490060842370138 5
1758903145147 0.2325079449868595 6
1758903178551 0.2170408433930516 7
1758903217923 0.3615731508470329 8
1758903253287 0.21815455186962854 9
1758903287786 0.21729776508012924 10
1758903321373 0.23245883771375198 11
1758903355978 0.2281936312572249 12
1758903390827 0.22553863517051834 13
1758903428272 0.2206763532162849 14
1758903463652 0.33769677439765544 15
1758903500305 0.23261524061492866 16
1758903537023 0.22446657106906992 17
1758903573527 0.24226167107675317 18
1758903607962 0.22228545079069226 19
1758903641705 0.23343086077841835 20
