1758902948649 0.9641538479345347 0
1758902981744 0.969362362119055 1
1758903014573 1.1898561292637475 2
1758903046517 1.531303170248967 3
1758903079338 2.0486822459113165 4
1758903113095 2.6161209301248887 5
1758903145166 4.553398844867298 6
1758903178578 3.4266236096160747 7
1758903217943 6.149229718624489 8
1758903253308 4.695475537345047 9
1758903287808 4.366181696123708 10
1758903321395 4.452122180168293 11
1758903356001 5.98284662661898 12
1758903390849 5.739203907543086 13
1758903428296 5.328599372663403 14
1758903463675 5.524497378381194 15
1758903500328 8.10705232820584 16
1758903537045 5.525654825977754 17
1758903573551 6.750234383138303 18
1758903607987 6.51180017824693 19
1758903641729 9.31774251420767 20
