1758902948641 0.8343794767161901 0
1758902981735 0.6084970780034308 1
1758903014564 0.4970360466023838 2
1758903046507 0.41619782870600897 3
1758903079328 0.38227531040708224 4
1758903113085 0.3054833288076851 5
1758903145157 0.31730571055543366 6
1758903178562 0.30319312046178515 7
1758903217934 0.2940756556298584 8
1758903253298 0.22372613009703518 9
1758903287797 0.2530633387669783 10
1758903321384 0.21658028719843261 11
1758903355990 0.21791618372123964 12
1758903390838 0.17527625771843036 13
1758903428284 0.21453463053606728 14
1758903463664 0.1985587183215345 15
1758903500316 0.1911031367574577 16
1758903537034 0.16334024636023162 17
1758903573539 0.19055378775336537 18
1758903607975 0.16070251940456393 19
1758903641717 0.13541232224476213 20
