1758892771826 0.7 0
1758892833151 0.7833333333333333 1
1758892901602 0.8666666666666667 2
1758892962187 0.8666666666666667 3
1758893020926 0.8666666666666667 4
1758893079413 0.8 5
1758893137633 0.9333333333333333 6
1758893196899 0.9666666666666667 7
1758893257273 0.8833333333333333 8
1758893317034 0.9166666666666666 9
1758893378978 0.9166666666666666 10
1758893434287 0.9166666666666666 11
1758893494600 0.9666666666666667 12
1758893555375 0.85 13
1758893613702 0.95 14
1758893672996 0.9666666666666667 15
1758893732111 0.9666666666666667 16
1758893788871 0.9166666666666666 17
1758893838776 0.9166666666666666 18
1758893889048 0.9 19
1758893939385 0.8333333333333334 20
1758893989196 0.95 21
1758894044107 0.8666666666666667 22
