1758892771935 0.0 0
1758892833275 0.6 1
1758892901739 0.7692307692307693 2
1758892962316 0.918918918918919 3
1758893021055 0.8717948717948718 4
1758893079556 0.918918918918919 5
1758893137765 0.5588235294117647 6
1758893197033 0.9743589743589743 7
1758893257415 0.975609756097561 8
1758893317179 0.9090909090909091 9
1758893379134 1.0 10
1758893434428 0.926829268292683 11
1758893494754 0.31746031746031744 12
1758893555539 1.0 13
1758893613879 1.0 14
1758893673165 0.851063829787234 15
1758893732272 1.0 16
1758893789022 0.975609756097561 17
1758893838929 0.926829268292683 18
1758893889203 0.9743589743589743 19
1758893939537 0.8333333333333334 20
1758893989355 0.926829268292683 21
1758894044361 0.9743589743589743 22
