1758892771847 1.0 0
1758892833182 1.0 1
1758892901632 1.0 2
1758892962215 0.975609756097561 3
1758893020952 1.0 4
1758893079447 1.0 5
1758893137660 1.0 6
1758893196929 1.0 7
1758893257301 1.0 8
1758893317071 1.0 9
1758893379023 1.0 10
1758893434314 1.0 11
1758893494629 0.9523809523809523 12
1758893555407 1.0 13
1758893613740 1.0 14
1758893673027 1.0 15
1758893732146 1.0 16
1758893788900 1.0 17
1758893838807 1.0 18
1758893889079 1.0 19
1758893939414 0.9523809523809523 20
1758893989227 0.975609756097561 21
1758894044145 0.9523809523809523 22
