1758892771805 0.2607449856733524 0
1758892833128 0.30043033889187737 1
1758892901569 0.13982059282371295 2
1758892962157 0.1647868930309866 3
1758893020900 0.21611598111935265 4
1758893079375 0.26039296794208894 5
1758893137606 0.19837612464340576 6
1758893196862 0.25728155339805825 7
1758893257244 0.16242672585510215 8
1758893317000 0.32002457002457 9
1758893378903 0.29392294452535417 10
1758893434255 0.3258510480154601 11
1758893494568 0.2493755619942052 12
1758893555341 0.24138918042171548 13
1758893613664 0.18836984980019292 14
1758893672964 0.36674174174174173 15
1758893732075 0.20543306494092858 16
1758893788843 0.275446477484387 17
1758893838746 0.19391446201858287 18
1758893889017 0.3733812949640288 19
1758893939353 0.24024024024024024 20
1758893989163 0.23129121666825958 21
1758894044074 0.20566838435889664 22
