1758892771795 0.6826312752452395 0
1758892833116 0.6445470282746683 1
1758892901550 0.827466820542412 2
1758892962144 0.8009232544720138 3
1758893020884 0.7397576457010964 4
1758893079356 0.7264858626658973 5
1758893137591 0.7824581650317368 6
1758893196847 0.7034045008655511 7
1758893257229 0.8234275822273515 8
1758893316983 0.601269474899019 9
1758893378856 0.6405077899596077 10
1758893434239 0.6324293133294865 11
1758893494551 0.7201384881708021 12
1758893555325 0.7299480669359493 13
1758893613647 0.7888055395268321 14
1758893672947 0.5637622619734565 15
1758893732058 0.7876514714368148 16
1758893788828 0.7253317945758799 17
1758893838730 0.7888055395268321 18
1758893889001 0.5989613387189844 19
1758893939336 0.7386035776110791 20
1758893989144 0.6982111944604732 21
1758894044058 0.7830351990767456 22
