1758892771904 0.0 0
1758892833243 0.0 1
1758892901701 0.0 2
1758892962280 0.0 3
1758893021019 0.0 4
1758893079518 0.0 5
1758893137724 0.09090909090909091 6
1758893196994 0.34146341463414637 7
1758893257376 0.37209302325581395 8
1758893317139 0.3617021276595745 9
1758893379097 0.5172413793103449 10
1758893434386 0.45569620253164556 11
1758893494709 0.42857142857142855 12
1758893555492 0.6037735849056604 13
1758893613826 0.5862068965517241 14
1758893673109 0.5428571428571428 15
1758893732224 0.45569620253164556 16
1758893788981 0.5352112676056338 17
1758893838886 0.375 18
1758893889155 0.4578313253012048 19
1758893939491 0.5666666666666667 20
1758893989304 0.4634146341463415 21
1758894044247 0.4470588235294118 22
