1758892771869 1.0 0
1758892833207 1.0 1
1758892901660 1.0 2
1758892962242 0.9876543209876543 3
1758893020980 1.0 4
1758893079477 1.0 5
1758893137687 1.0 6
1758893196957 1.0 7
1758893257335 1.0 8
1758893317098 1.0 9
1758893379057 1.0 10
1758893434342 1.0 11
1758893494663 0.975609756097561 12
1758893555440 1.0 13
1758893613774 1.0 14
1758893673058 1.0 15
1758893732178 1.0 16
1758893788932 1.0 17
1758893838840 1.0 18
1758893889110 1.0 19
1758893939446 0.975609756097561 20
1758893989259 0.9876543209876543 21
1758894044181 0.975609756097561 22
