1758892771785 0.16114970712437 0
1758892833103 0.19586182710853936 1
1758892901529 0.07636189360455828 2
1758892962129 0.09184146099384635 3
1758893020868 0.1265422959234034 4
1758893079339 0.1586241653017513 5
1758893137576 0.11358686547160328 6
1758893196833 0.15743251969520858 7
1758893257211 0.090099760070716 8
1758893316968 0.21803724628583385 9
1758893378838 0.19072164948453607 10
1758893434223 0.2194633560272327 11
1758893494534 0.15079748670855486 12
1758893555308 0.14460448102423412 13
1758893613630 0.10695563727407871 14
1758893672929 0.2717663421418637 15
1758893732038 0.11812045690550363 16
1758893788811 0.1700027048958615 17
1758893838714 0.11054504285945334 18
1758893888983 0.27123072903057227 19
1758893939319 0.14344951249579738 20
1758893989126 0.13860252004581902 21
1758894044041 0.11838087760621128 22
