1758892771836 0.22340425531914893 0
1758892833165 0.3219178082191781 1
1758892901616 0.4015444015444015 2
1758892962202 0.5073170731707317 3
1758893020939 0.5714285714285714 4
1758893079430 0.8067226890756303 5
1758893137646 0.49557522123893805 6
1758893196915 0.8656716417910447 7
1758893257287 0.848 8
1758893317054 0.8461538461538461 9
1758893379005 0.8270676691729323 10
1758893434301 0.7746478873239436 11
1758893494615 0.3515151515151515 12
1758893555391 0.7611940298507462 13
1758893613720 0.8085106382978723 14
1758893673010 0.24839400428265523 15
1758893732128 0.655367231638418 16
1758893788886 0.88 17
1758893838789 0.7586206896551724 18
1758893889063 0.8307692307692308 19
1758893939399 0.6369426751592356 20
1758893989211 0.8028169014084507 21
1758894044124 0.7482014388489209 22
