1758892771914 0.0 0
1758892833255 0.9 1
1758892901713 0.625 2
1758892962292 1.0 3
1758893021032 0.8947368421052632 4
1758893079530 1.0 5
1758893137736 0.3958333333333333 6
1758893197007 1.0 7
1758893257389 0.9523809523809523 8
1758893317152 0.8333333333333334 9
1758893379109 1.0 10
1758893434400 0.9047619047619048 11
1758893494724 0.18867924528301888 12
1758893555508 1.0 13
1758893613847 1.0 14
1758893673130 0.7407407407407407 15
1758893732240 1.0 16
1758893788995 0.9523809523809523 17
1758893838901 0.9047619047619048 18
1758893889171 1.0 19
1758893939506 0.9375 20
1758893989323 0.9047619047619048 21
1758894044285 1.0 22
