1758892771881 0.0 0
1758892833221 0.0 1
1758892901673 0.0 2
1758892962255 0.0 3
1758893020993 0.0 4
1758893079492 0.0 5
1758893137700 0.5 6
1758893196969 0.3333333333333333 7
1758893257349 0.34782608695652173 8
1758893317112 0.22972972972972974 9
1758893379071 0.39473684210526316 10
1758893434356 0.3050847457627119 11
1758893494678 0.3 12
1758893555458 0.48484848484848486 13
1758893613791 0.4473684210526316 14
1758893673074 0.38 15
1758893732194 0.3050847457627119 16
1758893788951 0.37254901960784315 17
1758893838856 0.23684210526315788 18
1758893889126 0.30158730158730157 19
1758893939460 0.425 20
1758893989275 0.3064516129032258 21
1758894044197 0.2923076923076923 22
