1758892771815 0.13291139240506328 0
1758892833140 0.2025862068965517 1
1758892901588 0.2613065326633166 2
1758892962170 0.3586206896551724 3
1758893020913 0.4262295081967213 4
1758893079394 0.8135593220338984 5
1758893137620 0.3373493975903614 6
1758893196878 0.7837837837837838 7
1758893257259 0.8153846153846154 8
1758893317017 0.7857142857142857 9
1758893378944 0.7534246575342466 10
1758893434271 0.6707317073170732 11
1758893494585 0.21481481481481482 12
1758893555359 0.6891891891891891 13
1758893613682 0.7037037037037037 14
1758893672981 0.14250614250614252 15
1758893732094 0.49572649572649574 16
1758893788857 0.8461538461538461 17
1758893838761 0.6470588235294118 18
1758893889033 0.7714285714285715 19
1758893939369 0.5154639175257731 20
1758893989179 0.6951219512195121 21
1758894044090 0.6582278481012658 22
