1758892771947 0.2968298481985003 0
1758892833285 0.44446962942221113 1
1758892901752 0.46211915271977677 2
1758892962329 0.5157354412216584 3
1758893021066 0.5318678848685592 4
1758893079567 0.5972069151873276 5
1758893137782 0.46873679324063994 6
1758893197047 0.6877551168364447 7
1758893257427 0.6716259010416954 8
1758893317190 0.6873942905857799 9
1758893379149 0.7276463986017262 10
1758893434442 0.6966048812327464 11
1758893494768 0.46450644312773265 12
1758893555553 0.7212713590356243 13
1758893613893 0.7166174769299578 14
1758893673181 0.6018113437337547 15
1758893732288 0.6632992998221985 16
1758893789036 0.7332535002375163 17
1758893838945 0.6508728839932877 18
1758893889218 0.7272681650786879 19
1758893939552 0.6505585342994074 20
1758893989371 0.6824012683006778 21
1758894044387 0.670179475438753 22
