1758892771958 0.6566935653009245 0
1758892833297 0.5341681962817286 1
1758892901766 0.500211514404768 2
1758892962340 0.48543554430594665 3
1758893021079 0.4715082974474946 4
1758893079581 0.44630194172802107 5
1758893137798 0.4258923507002786 6
1758893197060 0.4234447001284678 7
1758893257441 0.4153171192700716 8
1758893317205 0.40127044179429366 9
1758893379163 0.39410301027797956 10
1758893434456 0.3784490662614418 11
1758893494781 0.37881476572637135 12
1758893555568 0.3606766280972321 13
1758893613908 0.3648669967047991 14
1758893673196 0.36754536264856275 15
1758893732306 0.35206703867077727 16
1758893789050 0.358587095699148 17
1758893838960 0.35667774316953943 18
1758893889233 0.34623857268998914 19
1758893939567 0.36355175027123615 20
1758893989386 0.35289457180144923 21
1758894044407 0.34525824447662606 22
