1758892771967 89.21577138095073 0
1758892833308 88.69578804819612 1
1758892901778 88.91107330115629 2
1758892962351 88.97415419516881 3
1758893021091 88.50712408995683 4
1758893079594 89.82314200724562 5
1758893137812 89.4570992048335 6
1758893197074 89.6168269731588 7
1758893257454 88.80719237936502 8
1758893317218 89.6862738289524 9
1758893379179 89.7644015417202 10
1758893434471 89.92875910043173 11
1758893494796 89.93830804310335 12
1758893555583 90.59139784946237 13
1758893613923 90.91085338611295 14
1758893673211 90.87786612961098 15
1758893732323 91.39119413868536 16
1758893789067 90.95338958528653 17
1758893838975 90.55609569776729 18
1758893889250 91.49999421276202 19
1758893939582 91.28847066449066 20
1758893989402 91.35560262509115 21
1758894044425 91.40132180515528 22
