1758817023334 98.20422005393706 0
1758817100444 98.42124147829207 1
1758817178704 98.49242450548051 2
1758817254775 98.53351389515839 3
1758817332151 98.54624581872056 4
1758817409230 98.56765859925692 5
1758817486695 98.58530967510445 6
1758817564143 98.5971735129692 7
1758817641099 98.62061182679955 8
1758817719469 98.61569267451416 9
1758817796836 98.63073949326945 10
1758817874304 98.62061182679955 11
1758817951866 98.64028843594106 12
1758818030136 98.63999907404192 13
1758818108175 98.6333437503617 14
1758818185786 98.64896929291527 15
1758818264097 98.64433950252902 16
1758818342783 98.61511395071588 17
1758818420968 98.60903735083394 18
1758818499152 98.61627139831243 19
1758818577368 98.63305438846257 20
1758818655498 98.64520758822644 21
1758818733781 98.6376841788488 22
1758818811554 98.62813523617719 23
1758818889984 98.63739481694967 24
1758818968721 98.64694375962128 25
1758819047127 98.64260333113418 26
1758819125599 98.63392247415999 27
1758819204524 98.65273099760408 28
1758819283173 98.64665439772214 29
1758819362137 98.66256930217484 30
1758819447812 98.64144588353763 31
1758819527083 98.65591397849462 32
1758819606145 98.6535990833015 33
1758819684878 98.6434714168316 34
1758819764079 98.65273099760408 35
1758819843009 98.65012674051182 36
1758819923883 98.65591397849462 37
1758820002839 98.65880759748602 38
1758820075924 98.65736078799033 39
1758820149196 98.6376841788488 40
1758820222164 98.64810120721785 41
1758820294488 98.64231396923505 42
1758834657119 98.66719909256109 43
1758834736875 98.65678206419204 44
1758834816682 98.65244163570495 45
1758834896742 98.6492586548144 46
1758834974827 98.66227994027571 47
1758835052032 98.65851823558688 48
1758835131018 98.65909695938517 49
1758835208963 98.63826290264709 50
1758835290410 98.65765014988946 51
1758835367245 98.65678206419204 52
1758835447391 98.65475653089807 53
1758835525088 98.64607567392386 54
1758835603486 98.65388844520065 55
1758835680835 98.65128418810838 56
1758835759451 98.65128418810838 57
1758835837650 98.65678206419204 58
1758835915764 98.65678206419204 59
1758835993560 98.66256930217484 60
1758836070443 98.64260333113418 61
1758836149223 98.63855226454622 62
1758836227273 98.64144588353763 63
1758836306311 98.67211824484646 64
1758836384234 98.64810120721785 65
1758836462999 98.66777781635936 66
1758836540685 98.65330972140237 67
1758836619636 98.65678206419204 68
1758836696250 98.63218630276515 69
1758836773899 98.61945437920298 70
1758836850710 98.64433950252902 71
1758836930098 98.631896940866 72
1758837007610 98.6376841788488 73
1758837085936 98.64578631202473 74
1758837162563 98.65388844520065 75
1758837241045 98.6579395117886 76
1758837317906 98.63276502656342 77
1758837396240 98.63392247415999 78
1758837472427 98.64549695012558 79
1758837551157 98.66170121647743 80
1758837627598 98.66748845446023 81
1758837706991 98.6376841788488 82
1758837784858 98.68079910182067 83
1758837863122 98.62263736009352 84
1758837939786 98.63942035024364 85
1758838018198 98.66112249267914 86
1758838095026 98.65099482620924 87
1758838174145 98.65128418810838 88
1758838252678 98.63999907404192 89
1758838329975 98.66459483546882 90
1758838409576 98.65330972140237 91
1758838486823 98.65070546431011 92
1758838565516 98.64289269303332 93
1758838642630 98.65736078799033 94
1758838721984 98.64318205493247 95
1758838799037 98.65099482620924 96
1758838878536 98.64057779784021 97
1758838955972 98.64752248341956 98
1758839034738 98.63536928365568 99
