1758817023326 0.09594629539677418 0
1758817100437 0.07464388172004234 1
1758817178697 0.06975433667248311 2
1758817254767 0.06710671332518729 3
1758817332142 0.06636245681335115 4
1758817409223 0.06483298376308219 5
1758817486686 0.06435299879136168 6
1758817564134 0.06360029438764926 7
1758817641090 0.06372342452609532 8
1758817719461 0.0629585873221556 9
1758817796829 0.062384949711849914 10
1758817874296 0.062399286076392016 11
1758817951858 0.0623886676078783 12
1758818030126 0.06131749836314056 13
1758818108167 0.061744831779592294 14
1758818185778 0.061393485018310864 15
1758818264089 0.061387645224221396 16
1758818342776 0.06314164674508868 17
1758818420960 0.06203700116481977 18
1758818499143 0.06211451477535 19
1758818577360 0.06146299693423013 20
1758818655490 0.061239657096211216 21
1758818733773 0.06135115460307269 22
1758818811546 0.06167493110483823 23
1758818889976 0.061870855775972206 24
1758818968712 0.06149823761812446 25
1758819047119 0.06082765711212738 26
1758819125590 0.06366646654826279 27
1758819204516 0.060553546803787835 28
1758819283164 0.060194215947520675 29
1758819362128 0.06060833282018494 30
1758819447804 0.06021646106486312 31
1758819527074 0.06018339344071811 32
1758819606137 0.05986350506893359 33
1758819684870 0.06024597311306193 34
1758819764071 0.06024420862491415 35
1758819843000 0.06004087279895665 36
1758819923874 0.0600616430889177 37
1758820002830 0.06046129975006571 38
1758820075916 0.05979675696852307 39
1758820149187 0.06172217298712995 40
1758820222156 0.060395633065469426 41
1758820294480 0.060512414470064904 42
1758834657105 0.06016517432052987 43
1758834736865 0.05977290700651119 44
1758834816672 0.06035724573501351 45
1758834896733 0.06027330968723012 46
1758834974819 0.05984854159958626 47
1758835052023 0.07826916410975779 48
1758835131005 0.06012946340634867 49
1758835208954 0.061741573537561906 50
1758835290400 0.060598165573664355 51
1758835367235 0.05999082362115452 52
1758835447382 0.06427930172334459 53
1758835525078 0.06059586741918422 54
1758835603476 0.05998746966727561 55
1758835680826 0.06041900984046084 56
1758835759442 0.060658154167079675 57
1758835837640 0.060645209619844404 58
1758835915755 0.060277625233435106 59
1758835993552 0.060315956061800804 60
1758836070431 0.06059673187366031 61
1758836149211 0.060839327751632984 62
1758836227263 0.06094721502572712 63
1758836306301 0.05993715226154395 64
1758836384223 0.06085152283780863 65
1758836462989 0.059699897281911773 66
1758836540675 0.06018150957672063 67
1758836619626 0.06019657581027045 68
1758836696240 0.06119079035961207 69
1758836773889 0.06126073829135512 70
1758836850700 0.06129735098811108 71
1758836930087 0.0631132773227593 72
1758837007598 0.0604967098562823 73
1758837085926 0.06212895113056422 74
1758837162551 0.06052945880465106 75
1758837241034 0.061195013162128074 76
1758837317897 0.06020862936201781 77
1758837396228 0.06097910953840862 78
1758837472417 0.060209638267082886 79
1758837551147 0.05957535774033103 80
1758837627587 0.05983479429096742 81
1758837706982 0.07271786308976719 82
1758837784847 0.05919368283538562 83
1758837863111 0.06153461524354363 84
1758837939775 0.06231873400138553 85
1758838018187 0.06010508789965469 86
1758838095014 0.06036646493749383 87
1758838174135 0.06106801556160294 88
1758838252666 0.06260616672656465 89
1758838331613 0.059499800729444594 90
1758838409564 0.06014928465148572 91
1758838486811 0.060117310380295816 92
1758838565504 0.06073604398782158 93
1758838642618 0.06049601781052641 94
1758838721973 0.06051828448207945 95
1758838799023 0.060218953074783914 96
1758838878524 0.061639981818799344 97
1758838955962 0.06085713928470526 98
1758839034727 0.060885051223535644 99
