1758895036211 0.1134886944468509 0
1758895180792 0.1266450916936354 1
1758895321302 0.08299192321198642 2
1758895461168 0.07778399552322328 3
1758895625537 0.13321360659201353 4
1758895769806 0.09660518194215173 5
1758895911133 0.2017913593256059 6
1758896053574 0.2611717974180735 7
1758896229055 0.10391901219418667 8
1758896428947 0.0936257710760795 9
1758896654356 0.23451232583065382 10
1758896831051 0.23196544276457884 11
1758897019228 0.1606579849211789 12
1758897243593 0.1638900176080184 13
1758897462252 0.7347639484978541 14
1758897681789 0.09379788155352742 15
1758897930112 0.11251642575558475 16
1758898094680 0.18798254447801277 17
1758898269168 0.12384354676193093 18
1758898433743 0.10292164674634795 19
1758898592714 0.15527030362873365 20
1758898754741 0.10790631876768311 21
