1758895036251 0.04804804804804805 0
1758895180837 0.7 1
1758895321339 0.0945273631840796 2
1758895461206 0.07420494699646643 3
1758895625592 0.029411764705882353 4
1758895769843 0.062162162162162166 5
1758895911194 0.048938134810710986 6
1758896053616 0.0 7
1758896229119 0.08265802269043761 8
1758896429034 0.18571428571428572 9
1758896654432 0.4603174603174603 10
1758896831123 0.023095623987034037 11
1758897019284 0.5892857142857143 12
1758897243696 0.26811594202898553 13
1758897462403 0.9473684210526315 14
1758897681879 0.09426987060998152 15
1758897930216 0.08487084870848709 16
1758898094737 0.0219210840972499 17
1758898269248 0.6756756756756757 18
1758898433794 0.22424242424242424 19
1758898592845 0.66 20
1758898754796 0.5362318840579711 21
