1758895036273 0.0881542699724518 0
1758895180868 0.35 1
1758895321364 0.1645021645021645 2
1758895461235 0.134185303514377 3
1758895625622 0.05665024630541872 4
1758895769865 0.10697674418604651 5
1758895911227 0.09273840769903761 6
1758896053646 0.0 7
1758896229155 0.15066469719350073 8
1758896429077 0.28888888888888886 9
1758896654471 0.4715447154471545 10
1758896831175 0.04509493670886076 11
1758897019314 0.5689655172413793 12
1758897243748 0.37373737373737376 13
1758897462520 0.45569620253164556 14
1758897681924 0.16971713810316139 15
1758897930274 0.15282392026578073 16
1758898094768 0.04281821720513818 17
1758898269296 0.5154639175257731 18
1758898433828 0.3288888888888889 19
1758898592895 0.6 20
1758898754834 0.5736434108527132 21
