1758895036241 0.19734859897559506 0
1758895180822 0.21339634645096792 1
1758895321326 0.15069876188957967 2
1758895461195 0.14181502831199305 3
1758895625576 0.22519867845343333 4
1758895769831 0.17183709945104048 5
1758895911176 0.30941160630133296 6
1758896053600 0.36521437250477345 7
1758896229099 0.1834551854860547 8
1758896429010 0.16737119402070696 9
1758896654409 0.3419818693341669 10
1758896831101 0.3375766148043376 11
1758897019267 0.25963668586619404 12
1758897243665 0.26546731022378234 13
1758897462342 0.590752242926156 14
1758897681855 0.168179646440516 15
1758897930191 0.19699475159968366 16
1758898094719 0.2912495124171109 17
1758898269224 0.21375494071146245 18
1758898433777 0.18250801334467195 19
1758898592804 0.255821047280122 20
1758898754778 0.18994258836549768 21
