1758895036308 0.7766990291262136 0
1758895180904 1.0 1
1758895321402 0.6666666666666666 2
1758895461279 1.0 3
1758895625673 0.8732394366197183 4
1758895769902 0.975609756097561 5
1758895911272 0.963855421686747 6
1758896053694 1.0 7
1758896229208 0.9629629629629629 8
1758896429139 0.9523809523809523 9
1758896654529 0.6557377049180327 10
1758896831245 0.6837606837606838 11
1758897019368 0.9876543209876543 12
1758897243828 1.0 13
1758897462670 0.9876543209876543 14
1758897682001 0.9523809523809523 15
1758897930366 0.9876543209876543 16
1758898094823 0.9876543209876543 17
1758898269367 0.9876543209876543 18
1758898433884 0.975609756097561 19
1758898592982 0.9876543209876543 20
1758898754901 0.9876543209876543 21
