1758895036285 0.6349206349206349 0
1758895180881 1.0 1
1758895321378 1.0 2
1758895461250 1.0 3
1758895625639 1.0 4
1758895769876 0.9523809523809523 5
1758895911243 0.9302325581395349 6
1758896053662 1.0 7
1758896229173 0.9512195121951219 8
1758896429098 0.9090909090909091 9
1758896654488 0.4878048780487805 10
1758896831199 0.5194805194805194 11
1758897019335 0.975609756097561 12
1758897243772 1.0 13
1758897462588 0.975609756097561 14
1758897681947 0.9090909090909091 15
1758897930307 0.975609756097561 16
1758898094784 0.975609756097561 17
1758898269318 0.975609756097561 18
1758898433849 0.9523809523809523 19
1758898592921 0.975609756097561 20
1758898754858 0.975609756097561 21
