1758895036382 0.0 0
1758895180980 0.2608695652173913 1
1758895321468 0.3181818181818182 2
1758895461362 0.3076923076923077 3
1758895625763 0.3389830508474576 4
1758895769974 0.37142857142857144 5
1758895911354 0.08469055374592833 6
1758896053773 0.05714285714285714 7
1758896229310 0.5306122448979592 8
1758896429234 0.20952380952380953 9
1758896654635 0.09022556390977443 10
1758896831376 0.43137254901960786 11
1758897019472 0.6511627906976745 12
1758897243979 0.09523809523809523 13
1758897462905 0.42105263157894735 14
1758897682133 0.5625 15
1758897930540 0.47368421052631576 16
1758898094914 0.7096774193548387 17
1758898269513 0.6666666666666666 18
1758898433978 0.64 19
1758898593101 0.8571428571428571 20
1758898755016 0.8235294117647058 21
