1758895036358 0.0 0
1758895180955 1.0 1
1758895321448 0.2916666666666667 2
1758895461335 0.6666666666666666 3
1758895625736 0.2564102564102564 4
1758895769951 0.26 5
1758895911329 0.04529616724738676 6
1758896053748 0.06666666666666667 7
1758896229276 0.4482758620689655 8
1758896429203 0.12941176470588237 9
1758896654604 0.05309734513274336 10
1758896831329 0.3548387096774194 11
1758897019434 0.6086956521739131 12
1758897243929 1.0 13
1758897462843 0.2857142857142857 14
1758897682093 0.75 15
1758897930486 0.32142857142857145 16
1758898094885 1.0 17
1758898269460 0.75 18
1758898433948 0.5333333333333333 19
1758898593064 1.0 20
1758898754977 1.0 21
