1758895036230 0.7559145989613387 0
1758895180807 0.6774379688401616 1
1758895321315 0.8182342758222735 2
1758895461182 0.8020773225620311 3
1758895625559 0.7276399307559146 4
1758895769819 0.7766878245816503 5
1758895911157 0.6630121177149452 6
1758896053587 0.6070398153491056 7
1758896229078 0.7818811309867282 8
1758896428983 0.7882285054818234 9
1758896654386 0.6312752452394691 10
1758896831081 0.619734564339296 11
1758897019248 0.6762839007501442 12
1758897243628 0.6982111944604732 13
1758897462298 0.4939411425274091 14
1758897681831 0.812463935372187 15
1758897930161 0.790536641661858 16
1758898094701 0.6462781304096942 17
1758898269198 0.7801500288517023 18
1758898433761 0.8049624927870744 19
1758898592754 0.7259088286208887 20
1758898754760 0.792267743796884 21
