1758895036263 0.5333333333333333 0
1758895180855 0.23333333333333334 1
1758895321352 0.6333333333333333 2
1758895461221 0.7 3
1758895625606 0.7666666666666667 4
1758895769854 0.38333333333333336 5
1758895911211 0.8833333333333333 6
1758896053632 0.0 7
1758896229137 0.85 8
1758896429055 0.65 9
1758896654451 0.48333333333333334 10
1758896831147 0.95 11
1758897019300 0.55 12
1758897243721 0.6166666666666667 13
1758897462456 0.3 14
1758897681901 0.85 15
1758897930245 0.7666666666666667 16
1758898094753 0.9166666666666666 17
1758898269270 0.4166666666666667 18
1758898433812 0.6166666666666667 19
1758898592869 0.55 20
1758898754814 0.6166666666666667 21
