1758895036395 0.2124403796148521 0
1758895180993 0.36485318233367187 1
1758895321478 0.2600098822480458 2
1758895461373 0.3167385279037356 3
1758895625777 0.2988142824452056 4
1758895769986 0.3251704342326439 5
1758895911367 0.2901391978866092 6
1758896053784 0.2844714459295261 7
1758896229327 0.3655390181080955 8
1758896429251 0.3236329689628715 9
1758896654651 0.31189797072182573 10
1758896831399 0.299560956858698 11
1758897019489 0.4934838629585805 12
1758897244003 0.3468885558398503 13
1758897462950 0.4910310796048806 14
1758897682153 0.3705555473849259 15
1758897930565 0.36223144067588686 16
1758898094927 0.40627989399294845 17
1758898269538 0.4767079691783113 18
1758898433993 0.42540133166622435 19
1758898593122 0.5401236450821266 20
1758898755038 0.5149539463941142 21
