1758895036407 0.7283046239598102 0
1758895181010 0.6245179389746583 1
1758895321489 0.6043642946483171 2
1758895461386 0.5839000540968307 3
1758895625791 0.5607150917169983 4
1758895769998 0.5480250076239894 5
1758895911380 0.5528025613733809 6
1758896053796 0.5499302358729592 7
1758896229349 0.5315166282843522 8
1758896429268 0.5578574345388484 9
1758896654665 0.6090330371513307 10
1758896831422 0.5544128556486598 11
1758897019505 0.5465960253407764 12
1758897244032 0.550987959586998 13
1758897462975 0.5262733309791009 14
1758897682184 0.5513449045863968 15
1758897930594 0.5416196521993347 16
1758898094941 0.5304126576316991 17
1758898269563 0.5150620353616843 18
1758898434010 0.5225044703460299 19
1758898593156 0.5128550977716912 20
1758898755059 0.5047864241062026 21
