1758895036419 86.54988020417376 0
1758895181023 88.34334525504357 1
1758895321500 88.6717710105675 2
1758895461398 88.59740500248851 3
1758895625804 89.87291225389771 4
1758895770010 89.38649490144334 5
1758895911393 90.21493801868121 6
1758896053808 90.1324698774263 7
1758896229367 90.74591710360313 8
1758896429288 89.92326122434807 9
1758896654679 89.26091183721657 10
1758896831459 89.1497968679468 11
1758897019522 90.2178316376726 12
1758897244057 90.75315115108164 13
1758897463008 90.77138095072746 14
1758897682215 90.12899753463662 15
1758897930619 89.78957602694538 16
1758898094956 89.95277613806034 17
1758898269588 90.15735500075235 18
1758898434028 89.48921837563805 19
1758898593189 89.62666527772956 20
1758898755081 90.33212958783291 21
