1758991446225 0.7 0
1758991508283 0.5333333333333333 1
1758991572854 0.7 2
1758991633270 0.75 3
1758991695378 0.8 4
1758991758869 0.8166666666666667 5
1758991822017 0.8 6
1758991884450 0.95 7
1758991947269 0.85 8
1758992009604 0.9333333333333333 9
1758992071662 0.9666666666666667 10
1758992134365 0.8833333333333333 11
1758992196616 0.9666666666666667 12
1758992260545 0.8666666666666667 13
1758992323453 0.8666666666666667 14
1758992383563 0.8833333333333333 15
1758992445661 0.9666666666666667 16
1758992507887 0.9166666666666666 17
