1758991446200 0.8118869013271783 0
1758991508256 0.584535487593768 1
1758991572825 0.6087709174841316 2
1758991633241 0.7264858626658973 3
1758991695348 0.7818811309867282 4
1758991758839 0.6878245816503173 5
1758991821988 0.6399307559145989 6
1758991884420 0.775533756491633 7
1758991947237 0.8136180034622043 8
1758992009571 0.7991921523369879 9
1758992071627 0.6116560877091748 10
1758992134332 0.7963069821119446 11
1758992196580 0.777264858626659 12
1758992260510 0.7582227351413734 13
1758992323417 0.795729948066936 14
1758992383527 0.705135603000577 15
1758992445623 0.7714945181765724 16
1758992507849 0.775533756491633 17
