1758991446207 0.15565020189169754 0
1758991508265 0.48066429418742584 1
1758991572835 0.37564536229303896 2
1758991633251 0.3218714048319059 3
1758991695357 0.21502816789653256 4
1758991758849 0.3101743429612282 5
1758991821998 0.3132325942663466 6
1758991884430 0.23369848721961398 7
1758991947248 0.22473700988205292 8
1758992009582 0.2800525730462036 9
1758992071639 0.47909604519774013 10
1758992134343 0.23860983833318924 11
1758992196591 0.20732645836539942 12
1758992260522 0.28743300885923656 13
1758992323428 0.21312108801483656 14
1758992383539 0.30180291429982714 15
1758992445636 0.22177987890851789 16
1758992507863 0.23842469398616284 17
