1758991446190 0.08607610424568701 0
1758991508246 0.4081385979049154 1
1758991572815 0.2716271884654995 2
1758991633231 0.20673234811165844 3
1758991695337 0.12465501379944802 4
1758991758828 0.20023517554174367 5
1758991821978 0.20736724008975319 6
1758991884409 0.1375780530248746 7
1758991947225 0.130374479889043 8
1758992009559 0.16977200294189754 9
1758992071615 0.3937592867756315 10
1758992134320 0.1403294691885296 11
1758992196568 0.11961637509990232 12
1758992260497 0.17732793522267207 13
1758992323404 0.12303711634546752 14
1758992383514 0.19198743126472897 15
1758992445610 0.1295040681906238 16
1758992507837 0.1408657373440939 17
