1758991446214 0.21649484536082475 0
1758991508274 0.8205128205128205 1
1758991572845 0.45652173913043476 2
1758991633261 0.16853932584269662 3
1758991695368 0.3356643356643357 4
1758991758859 0.5632183908045977 5
1758991822007 0.5647058823529412 6
1758991884440 0.42857142857142855 7
1758991947259 0.6986301369863014 8
1758992009593 0.0989399293286219 9
1758992071651 0.20209059233449478 10
1758992134354 0.8833333333333333 11
1758992196603 0.5979381443298969 12
1758992260534 0.8524590163934426 13
1758992323440 0.896551724137931 14
1758992383551 0.7571428571428571 15
1758992445648 0.58 16
1758992507875 0.8333333333333334 17
