1758991446289 0.0 0
1758991508356 1.0 1
1758991572933 1.0 2
1758991633347 0.8823529411764706 3
1758991695457 0.8947368421052632 4
1758991758950 0.8695652173913043 5
1758991822096 0.9523809523809523 6
1758991884535 0.9523809523809523 7
1758991947357 0.9523809523809523 8
1758992009698 1.0 9
1758992071755 0.8333333333333334 10
1758992134457 1.0 11
1758992196710 0.7142857142857143 12
1758992260643 0.9090909090909091 13
1758992323549 0.9523809523809523 14
1758992383660 0.9523809523809523 15
1758992445765 0.7037037037037037 16
1758992507987 0.95 17
