1758991446306 0.0 0
1758991508375 0.2608695652173913 1
1758991572952 0.8571428571428571 2
1758991633367 0.8108108108108109 3
1758991695479 0.8717948717948718 4
1758991758971 0.9302325581395349 5
1758991822117 0.975609756097561 6
1758991884557 0.975609756097561 7
1758991947379 0.975609756097561 8
1758992009720 0.8571428571428571 9
1758992071778 0.9090909090909091 10
1758992134480 0.9473684210526315 11
1758992196733 0.8333333333333334 12
1758992260668 0.9523809523809523 13
1758992323572 0.975609756097561 14
1758992383684 0.975609756097561 15
1758992445790 0.8085106382978723 16
1758992508012 0.95 17
