1758991446233 0.33070866141732286 0
1758991508292 0.6464646464646465 1
1758991572864 0.5526315789473685 2
1758991633279 0.27522935779816515 3
1758991695388 0.4729064039408867 4
1758991758879 0.6666666666666666 5
1758991822027 0.6620689655172414 6
1758991884460 0.5906735751295337 7
1758991947279 0.7669172932330827 8
1758992009615 0.17891373801916932 9
1758992071674 0.33429394812680113 10
1758992134376 0.8833333333333333 11
1758992196627 0.7388535031847133 12
1758992260557 0.859504132231405 13
1758992323465 0.8813559322033898 14
1758992383575 0.8153846153846154 15
1758992445674 0.725 16
1758992507899 0.873015873015873 17
