1758991446316 0.29480263685933494 0
1758991508386 0.4775997011738927 1
1758991572962 0.5546148238741837 2
1758991633377 0.47670426590768855 3
1758991695488 0.5119458887264582 4
1758991758981 0.581414713553486 5
1758991822126 0.5901822631762298 6
1758991884568 0.5599963636893417 7
1758991947391 0.5934528118425393 8
1758992009732 0.49275269783917686 9
1758992071790 0.5626779986649082 10
1758992134491 0.6723989039096845 11
1758992196745 0.6246663998865489 12
1758992260681 0.6972829735330285 13
1758992323584 0.6765173552631575 14
1758992383696 0.6555536768095799 15
1758992445803 0.6251321775153521 16
1758992508024 0.7274396285519223 17
