1758991446326 0.652540104420321 0
1758991508396 0.5479301623967304 1
1758991572973 0.48576835218791126 2
1758991633387 0.45915946656070583 3
1758991695499 0.4389679155020147 4
1758991758992 0.4331352109958297 5
1758991822136 0.410669714954285 6
1758991884579 0.4108406670221679 7
1758991947402 0.39557070395863975 8
1758992009743 0.38723526004393566 9
1758992071801 0.37711760863808363 10
1758992134503 0.3537727151918484 11
1758992196757 0.3554135686816665 12
1758992260693 0.340047247019743 13
1758992323596 0.34566041622793786 14
1758992383709 0.32764433400996495 15
1758992445816 0.3356592295652997 16
1758992508036 0.32497522139822616 17
