1758991446334 88.300710713955 0
1758991508405 89.9160223168812 1
1758991572982 91.56692749328641 2
1758991633398 91.48792712288174 3
1758991695509 92.53750347254375 4
1758991759001 92.02675016205204 5
1758991822147 92.4564774516159 6
1758991884590 92.13237336790444 7
1758991947414 92.88533660524122 8
1758992009755 92.27272201129735 9
1758992071812 92.29963422539124 10
1758992134515 92.78058153532734 11
1758992196769 92.30947309936106 12
1758992260704 92.66830262061302 13
1758992323608 92.50364617094175 14
1758992383721 93.14809241596444 15
1758992445829 92.69318918418372 16
1758992508049 92.58843411426984 17
