1758876479946 0.46586345381526106 0
1758876522967 0.5816326530612245 1
1758876562248 0.8852459016393442 2
1758876598463 0.7195121951219512 3
1758876642222 0.5462962962962963 4
1758876682207 0.8503937007874016 5
1758876722199 0.7169811320754716 6
1758876762229 0.9047619047619048 7
1758876803006 0.7619047619047619 8
1758876845794 0.8444444444444444 9
1758876885374 0.4978540772532189 10
1758876927976 0.8057553956834532 11
1758876979432 0.7619047619047619 12
1758877037526 0.9 13
1758877085885 0.8028169014084507 14
1758877130876 0.8461538461538461 15
1758877178599 0.6333333333333333 16
