1758876480069 0.28346456692913385 0
1758876523070 0.46153846153846156 1
1758876562348 0.4935064935064935 2
1758876598564 0.36363636363636365 3
1758876642340 0.49230769230769234 4
1758876682322 0.5217391304347826 5
1758876722321 0.5230769230769231 6
1758876762360 0.5070422535211268 7
1758876803126 0.45 8
1758876845916 0.5074626865671642 9
1758876885502 0.47761194029850745 10
1758876928120 0.5084745762711864 11
1758876979572 0.5161290322580645 12
1758877037668 0.53125 13
1758877086106 0.5 14
1758877131051 0.45901639344262296 15
1758877178755 0.463768115942029 16
