1758876479862 0.8101557991921523 0
1758876522899 0.812463935372187 1
1758876562180 0.8655510675129833 2
1758876598394 0.8038084246970572 3
1758876642141 0.79399884593191 4
1758876682123 0.8661281015579919 5
1758876722113 0.8897864974033468 6
1758876762145 0.7322562031159838 7
1758876802922 0.7449509521061742 8
1758876845701 0.8667051356030006 9
1758876885290 0.7611079053664166 10
1758876927874 0.7489901904212348 11
1758876979343 0.8043854587420658 12
1758877037433 0.7778418926716676 13
1758877085745 0.8205424120023082 14
1758877130783 0.8165031736872476 15
1758877178493 0.8118869013271783 16
