1758876480035 0.16822429906542055 0
1758876523037 0.3103448275862069 1
1758876562315 0.3333333333333333 2
1758876598530 0.22784810126582278 3
1758876642300 0.35555555555555557 4
1758876682282 0.3673469387755102 5
1758876722281 0.37777777777777777 6
1758876762317 0.35294117647058826 7
1758876803088 0.3 8
1758876845877 0.3617021276595745 9
1758876885457 0.3404255319148936 10
1758876928072 0.38461538461538464 11
1758876979527 0.38095238095238093 12
1758877037622 0.38636363636363635 13
1758877086024 0.36363636363636365 14
1758877130980 0.34146341463414637 15
1758877178705 0.32653061224489793 16
