1758876480116 0.8 0
1758876523121 0.8333333333333334 1
1758876562399 1.0 2
1758876598616 0.975609756097561 3
1758876642400 0.5633802816901409 4
1758876682387 0.9302325581395349 5
1758876722379 0.9090909090909091 6
1758876762425 0.9302325581395349 7
1758876803188 0.9090909090909091 8
1758876845981 1.0 9
1758876885569 0.851063829787234 10
1758876928190 0.9302325581395349 11
1758876979638 0.975609756097561 12
1758877037745 0.926829268292683 13
1758877086221 0.95 14
1758877131137 0.9743589743589743 15
1758877178827 0.926829268292683 16
