1758876479875 0.1645280365617859 0
1758876522916 0.155416965616204 1
1758876562197 0.12887151509944586 2
1758876598411 0.1789913266945069 3
1758876642162 0.2098360655737705 4
1758876682144 0.11894290582035738 5
1758876722138 0.10471630844453499 6
1758876762166 0.18882523621754332 7
1758876802945 0.17892037973806388 8
1758876845722 0.13689391177542837 9
1758876885310 0.20533976803923096 10
1758876927902 0.19391947411668037 11
1758876979366 0.1420492179140979 12
1758877037455 0.15915933644252908 13
1758877085777 0.14799396367799345 14
1758877130807 0.15362901036860105 15
1758877178516 0.15993179880647912 16
