1758876479821 0.09156123646797966 0
1758876522882 0.08592701086293177 1
1758876562158 0.06961849067112225 2
1758876598376 0.1007085020242915 3
1758876642120 0.12089263749780355 4
1758876682102 0.0638560367565728 5
1758876722094 0.05563171946027852 6
1758876762120 0.10838742740006833 7
1758876802902 0.10166955426051347 8
1758876845681 0.07431596655286725 9
1758876885265 0.11867914342271009 10
1758876927850 0.11137806761626909 11
1758876979320 0.07790320777914385 12
1758877037409 0.08864921741417861 13
1758877085706 0.08133150308853809 14
1758877130755 0.08479146692233941 15
1758877178468 0.08870255957634599 16
