1758876479891 0.30687830687830686 0
1758876522933 0.41911764705882354 1
1758876562214 0.8709677419354839 2
1758876598428 0.5673076923076923 3
1758876642182 0.3782051282051282 4
1758876682165 0.8059701492537313 5
1758876722158 0.5757575757575758 6
1758876762186 0.8636363636363636 7
1758876802965 0.6436781609195402 8
1758876845744 0.76 9
1758876885331 0.3352601156069364 10
1758876927926 0.7088607594936709 11
1758876979388 0.6436781609195402 12
1758877037477 0.9 13
1758877085820 0.6951219512195121 14
1758877130829 0.7857142857142857 15
1758877178540 0.475 16
