1758876480085 0.6666666666666666 0
1758876523088 0.7142857142857143 1
1758876562365 1.0 2
1758876598580 0.9523809523809523 3
1758876642360 0.39215686274509803 4
1758876682343 0.8695652173913043 5
1758876722340 0.8333333333333334 6
1758876762382 0.8695652173913043 7
1758876803147 0.8333333333333334 8
1758876845936 1.0 9
1758876885524 0.7407407407407407 10
1758876928144 0.8695652173913043 11
1758876979595 0.9523809523809523 12
1758877037695 0.9047619047619048 13
1758877086144 0.95 14
1758877131088 1.0 15
1758877178778 0.9047619047619048 16
