1758876480158 0.5427712114612362 0
1758876523139 0.6063842827098447 1
1758876562416 0.7015247820490567 2
1758876598635 0.6475499283100765 3
1758876642422 0.56236406717358 4
1758876682409 0.6842616590364152 5
1758876722398 0.6507730545375677 6
1758876762448 0.7061723905280219 7
1758876803209 0.659983210146747 8
1758876846003 0.6977602085574074 9
1758876885591 0.6063739230756383 10
1758876928212 0.687676400842171 11
1758876979660 0.6791385536348971 12
1758877037767 0.7034477209470424 13
1758877086266 0.6801621730172889 14
1758877131162 0.6866316448648089 15
1758877178852 0.6272486937510953 16
