1758876480192 90.17847841938956 0
1758876523171 93.15485491394377 1
1758876562452 93.59410627683832 2
1758876598672 93.816625577277 3
1758876642462 94.0408810491105 4
1758876682451 94.25587694017153 5
1758876722438 94.57359630542727 6
1758876762489 94.77151984443904 7
1758876803251 95.12135838049932 8
1758876846048 95.20614141694735 9
1758876885636 95.4220053937058 10
1758876928257 95.62108638031413 11
1758876979710 95.75216732062457 12
1758877037818 95.90639721286618 13
1758877086378 96.06670370498976 14
1758877131208 96.22874636850817 15
1758877178903 96.36185284211257 16
