1758876480174 0.2265897863648004 0
1758876523155 0.13836572347070883 1
1758876562434 0.12994659544762086 2
1758876598654 0.1253367350626461 3
1758876642442 0.12137931056268927 4
1758876682430 0.11694961208418977 5
1758876722418 0.11144373107356606 6
1758876762468 0.10822297457329653 7
1758876803230 0.10236276537938803 8
1758876846027 0.100901968274438 9
1758876885612 0.09713722371090962 10
1758876928235 0.09330973555989287 11
1758876979686 0.09117923932529434 12
1758877037793 0.08856000907693265 13
1758877086322 0.0857170057601373 14
1758877131186 0.08334512219850526 15
1758877178877 0.0809850419054446 16
