1758929645354 0.4 0
1758929723362 0.6666666666666666 1
1758929800561 0.37383177570093457 2
1758929881496 0.0009254118082546734 3
1758929958835 0.6909090909090909 4
1758930035382 0.6666666666666666 5
1758930100235 0.9523809523809523 6
1758930149324 0.8444444444444444 7
1758930201260 0.8888888888888888 8
1758930250686 0.7916666666666666 9
1758930298854 0.9302325581395349 10
1758930349810 0.8 11
1758930397439 0.8695652173913043 12
1758930446914 0.7272727272727273 13
1758930500443 0.8 14
1758930548297 0.8163265306122449 15
1758930594434 0.8 16
1758930643499 0.9743589743589743 17
1758930689423 0.926829268292683 18
1758930738083 0.3448275862068966 19
1758930784550 0.8163265306122449 20
1758930830959 0.9090909090909091 21
1758930880396 0.851063829787234 22
