1758929645157 0.5833333333333334 0
1758929723142 0.3972602739726027 1
1758929800363 0.32222222222222224 2
1758929881256 0.46938775510204084 3
1758929958614 0.8115942028985508 4
1758930035159 0.6195652173913043 5
1758930100104 0.9047619047619048 6
1758930149205 0.5979381443298969 7
1758930201139 0.5471698113207547 8
1758930250556 0.6153846153846154 9
1758930298727 0.8208955223880597 10
1758930349684 0.27488151658767773 11
1758930397310 0.890625 12
1758930446780 0.8888888888888888 13
1758930500259 0.717948717948718 14
1758930548164 0.3888888888888889 15
1758930594301 0.59375 16
1758930643361 0.9 17
1758930689286 0.9016393442622951 18
1758930737941 0.6043956043956044 19
1758930784409 0.7567567567567568 20
1758930830780 0.890625 21
1758930880249 0.5816326530612245 22
