1758929645213 0.717948717948718 0
1758929723177 0.5631067961165048 1
1758929800397 0.48333333333333334 2
1758929881298 0.42201834862385323 3
1758929958656 0.8682170542635659 4
1758930035197 0.75 5
1758930100127 0.926829268292683 6
1758930149226 0.7388535031847133 7
1758930201160 0.6987951807228916 8
1758930250580 0.7417218543046358 9
1758930298752 0.8661417322834646 10
1758930349706 0.4280442804428044 11
1758930397332 0.9193548387096774 12
1758930446804 0.9105691056910569 13
1758930500292 0.8115942028985508 14
1758930548188 0.5490196078431373 15
1758930594325 0.7307692307692307 16
1758930643386 0.9 17
1758930689311 0.9090909090909091 18
1758930737966 0.7284768211920529 19
1758930784436 0.835820895522388 20
1758930830811 0.9193548387096774 21
1758930880276 0.7215189873417721 22
