1758929645264 0.8695652173913043 0
1758929723229 0.9411764705882353 1
1758929800453 0.9876543209876543 2
1758929881372 0.15120274914089346 3
1758929958713 1.0 4
1758930035261 1.0 5
1758930100161 1.0 6
1758930149259 1.0 7
1758930201194 1.0 8
1758930250616 1.0 9
1758930298784 1.0 10
1758930349741 1.0 11
1758930397368 1.0 12
1758930446840 1.0 13
1758930500342 1.0 14
1758930548225 0.9876543209876543 15
1758930594362 1.0 16
1758930643424 1.0 17
1758930689349 1.0 18
1758930738005 1.0 19
1758930784474 1.0 20
1758930830865 1.0 21
1758930880318 1.0 22
