1758929645136 0.08426621069224398 0
1758929723125 0.09557290856485082 1
1758929800345 0.3128444256040695 2
1758929881238 0.2713216957605985 3
1758929958596 0.18396711202466598 4
1758930035140 0.23271719038817004 5
1758930100092 0.1644672531769306 6
1758930149193 0.24245950926195325 7
1758930201128 0.338533803053179 8
1758930250544 0.21774997733659687 9
1758930298715 0.11365531882629464 10
1758930349672 0.26175771971496437 11
1758930397298 0.19924337957124844 12
1758930446768 0.24948538493207081 13
1758930500241 0.19544124441706454 14
1758930548153 0.3416252072968491 15
1758930594290 0.21678639628989724 16
1758930643349 0.20804926325049483 17
1758930689274 0.16439082593132706 18
1758930737927 0.18762851267991776 19
1758930784396 0.2126829268292683 20
1758930830764 0.20277721053706352 21
1758930880236 0.2057206745551104 22
