1758929645277 0.0 0
1758929723245 0.010526315789473684 1
1758929800470 0.2413793103448276 2
1758929881392 0.004371584699453552 3
1758929958732 0.2714285714285714 4
1758930035284 0.4090909090909091 5
1758930100171 0.4146341463414634 6
1758930149269 0.3953488372093023 7
1758930201204 0.4090909090909091 8
1758930250628 0.4117647058823529 9
1758930298796 0.3829787234042553 10
1758930349753 0.33962264150943394 11
1758930397379 0.36363636363636365 12
1758930446853 0.3333333333333333 13
1758930500358 0.3333333333333333 14
1758930548237 0.24193548387096775 15
1758930594373 0.3137254901960784 16
1758930643436 0.43243243243243246 17
1758930689361 0.3541666666666667 18
1758930738017 0.3617021276595745 19
1758930784486 0.22972972972972974 20
1758930830881 0.38461538461538464 21
1758930880331 0.3617021276595745 22
