1758929645170 0.9333333333333333 0
1758929723158 0.9666666666666667 1
1758929800380 0.9666666666666667 2
1758929881278 0.38333333333333336 3
1758929958634 0.9333333333333333 4
1758930035177 0.95 5
1758930100115 0.95 6
1758930149216 0.9666666666666667 7
1758930201150 0.9666666666666667 8
1758930250568 0.9333333333333333 9
1758930298740 0.9166666666666666 10
1758930349695 0.9666666666666667 11
1758930397321 0.95 12
1758930446792 0.9333333333333333 13
1758930500275 0.9333333333333333 14
1758930548176 0.9333333333333333 15
1758930594313 0.95 16
1758930643374 0.9 17
1758930689299 0.9166666666666666 18
1758930737953 0.9166666666666666 19
1758930784422 0.9333333333333333 20
1758930830795 0.95 21
1758930880263 0.95 22
