1758929645085 0.04417861945316002 0
1758929723091 0.050509700756330156 1
1758929800307 0.20714820359281438 2
1758929881201 1.0 3
1758929958558 0.10350560173473075 4
1758930035097 0.13854957631781667 5
1758930100068 0.09197130167406901 6
1758930149171 0.14572161342970388 7
1758930201104 0.23864711447492903 8
1758930250515 0.1291675629167563 9
1758930298688 0.06082369649016028 10
1758930349649 0.16479736802751607 11
1758930397275 0.11975279850746269 12
1758930446742 0.15182262307403233 13
1758930500195 0.11276992801919489 14
1758930548129 0.2509474824038982 15
1758930594265 0.12867012089810018 16
1758930643324 0.1285151473984513 17
1758930689248 0.0928630270351232 18
1758930737902 0.11017204950196197 19
1758930784369 0.1309396689802456 20
1758930830729 0.12318570896911053 21
1758930880209 0.12266666666666666 22
