1758929645307 0.0 0
1758929723288 0.01904761904761905 1
1758929800507 0.358974358974359 2
1758929881438 0.008556149732620321 3
1758929958778 0.4222222222222222 4
1758930035325 0.5625 5
1758930100196 0.5573770491803278 6
1758930149292 0.5396825396825397 7
1758930201226 0.5625 8
1758930250651 0.5185185185185185 9
1758930298818 0.5373134328358209 10
1758930349775 0.4931506849315068 11
1758930397404 0.5 12
1758930446876 0.4788732394366197 13
1758930500392 0.46153846153846156 14
1758930548261 0.36585365853658536 15
1758930594398 0.4507042253521127 16
1758930643461 0.5614035087719298 17
1758930689386 0.5 18
1758930738043 0.5074626865671642 19
1758930784512 0.3617021276595745 20
1758930830914 0.5084745762711864 21
1758930880357 0.5074626865671642 22
