1758929645229 0.7692307692307693 0
1758929723195 0.8888888888888888 1
1758929800416 0.975609756097561 2
1758929881319 0.08764940239043825 3
1758929958675 1.0 4
1758930035217 1.0 5
1758930100140 1.0 6
1758930149236 1.0 7
1758930201171 1.0 8
1758930250592 1.0 9
1758930298763 1.0 10
1758930349719 1.0 11
1758930397344 1.0 12
1758930446816 1.0 13
1758930500310 1.0 14
1758930548200 0.975609756097561 15
1758930594337 1.0 16
1758930643398 1.0 17
1758930689323 1.0 18
1758930737978 1.0 19
1758930784448 1.0 20
1758930830829 1.0 21
1758930880289 1.0 22
