1758929645123 0.9099826889786498 0
1758929723108 0.8863242931332949 1
1758929800325 0.6387766878245816 2
1758929881219 0.1569532602423543 3
1758929958577 0.8263127524523947 4
1758930035117 0.7264858626658973 5
1758930100079 0.7766878245816503 6
1758930149182 0.7212925562608193 7
1758930201115 0.5822273514137334 8
1758930250532 0.6930178880553952 9
1758930298703 0.8649740334679746 10
1758930349661 0.6358915175995383 11
1758930397287 0.5926139642238892 12
1758930446756 0.6993652625504905 13
1758930500220 0.7322562031159838 14
1758930548141 0.5349105597230237 15
1758930594278 0.6878245816503173 16
1758930643337 0.5458742065781881 17
1758930689262 0.7155222158107328 18
1758930737914 0.6318522792844777 19
1758930784383 0.566070398153491 20
1758930830747 0.5729948066935949 21
1758930880223 0.6370455856895557 22
