1758929645322 1.0 0
1758929723309 1.0 1
1758929800525 0.22988505747126436 2
1758929881459 0.0004629200999907416 3
1758929958798 0.5428571428571428 4
1758930035344 0.5294117647058824 5
1758930100207 0.9090909090909091 6
1758930149303 0.76 7
1758930201237 0.8 8
1758930250663 0.6785714285714286 9
1758930298832 0.8695652173913043 10
1758930349787 0.6666666666666666 11
1758930397416 0.7692307692307693 12
1758930446888 0.5714285714285714 13
1758930500410 0.6666666666666666 14
1758930548272 0.6896551724137931 15
1758930594410 0.6666666666666666 16
1758930643473 1.0 17
1758930689399 0.9047619047619048 18
1758930738055 0.20833333333333334 19
1758930784525 0.6896551724137931 20
1758930830929 0.8333333333333334 21
1758930880371 0.7407407407407407 22
