1758929645371 0.41435602920645326 0
1758929723379 0.45711409219677523 1
1758929800579 0.5033276429200702 2
1758929881516 0.17080487101324404 3
1758929958855 0.633063095883909 4
1758930035400 0.6423767714109674 5
1758930100245 0.7202109046061788 6
1758930149334 0.6730879993147301 7
1758930201271 0.697743574532992 8
1758930250698 0.6539314033652835 9
1758930298865 0.689468608417023 10
1758930349821 0.596590537017855 11
1758930397452 0.697632687134446 12
1758930446926 0.6732400914664949 13
1758930500456 0.6537147817708154 14
1758930548309 0.6120958650552942 15
1758930594446 0.6396519704822481 16
1758930643513 0.7287623492762798 17
1758930689436 0.7000622006629837 18
1758930738096 0.5536791213292063 19
1758930784563 0.6453064961246952 20
1758930830974 0.7079395069217672 21
1758930880410 0.6571532356502561 22
