1758929645403 87.99408544278158 0
1758929723427 88.29907288447515 1
1758929800613 88.68074122944084 2
1758929881559 89.29968633170134 3
1758929958896 89.1975415813049 4
1758930035482 89.68338020996099 5
1758930100267 89.96087827123627 6
1758930149357 90.44035093811128 7
1758930201292 90.5222403555679 8
1758930250726 90.34601895899164 9
1758930298891 90.72913411345301 10
1758930349845 90.74823199879626 11
1758930397476 91.37093880574557 12
1758930446950 91.32550898758059 13
1758930500501 91.57696447793326 14
1758930548333 91.63339004826557 15
1758930594470 91.6698496475572 16
1758930643538 91.87211361505608 17
1758930689461 91.70167945646261 18
1758930738122 91.9279604615901 19
1758930784589 91.78588376911236 20
1758930831003 91.99538178408973 21
1758930880437 92.21385001794044 22
