1758929645386 0.5509911842758906 0
1758929723398 0.43836056462471823 1
1758929800597 0.3883022897093367 2
1758929881539 0.35624215899552736 3
1758929958876 0.3379118205337026 4
1758930035423 0.3242405484837946 5
1758930100256 0.3120457836006406 6
1758930149346 0.2987728602229402 7
1758930201282 0.2959957919903617 8
1758930250709 0.29811163999455015 9
1758930298876 0.27837109920771413 10
1758930349832 0.27443930795457194 11
1758930397464 0.2697780100341576 12
1758930446939 0.2615227352700162 13
1758930500472 0.25323727580117217 14
1758930548321 0.25396916817196785 15
1758930594458 0.24766212188582695 16
1758930643525 0.23815612192593377 17
1758930689448 0.23845009531963754 18
1758930738109 0.2327270295002489 19
1758930784576 0.22895555388863648 20
1758930830989 0.22100481363444555 21
1758930880423 0.21419350978933466 22
