1758918492943 0.975609756097561 0
1758918524456 1.0 1
1758918557854 1.0 2
1758918591493 1.0 3
1758918623050 1.0 4
1758918655427 0.975609756097561 5
1758918686676 0.975609756097561 6
1758918716945 1.0 7
1758918747608 1.0 8
1758918779158 0.975609756097561 9
1758918811026 1.0 10
1758918843366 1.0 11
1758918874806 1.0 12
1758918907619 1.0 13
1758918940413 1.0 14
1758918974851 1.0 15
1758919008067 1.0 16
1758919039193 1.0 17
1758919070990 1.0 18
1758919102592 1.0 19
1758919133830 0.975609756097561 20
1758919173572 0.975609756097561 21
1758919213325 1.0 22
1758919253445 1.0 23
1758919290135 1.0 24
