1758918492965 0.0 0
1758918524483 0.0 1
1758918557884 0.0 2
1758918591525 0.0 3
1758918623079 0.03896103896103896 4
1758918655456 1.0 5
1758918686706 0.625 6
1758918716976 0.16455696202531644 7
1758918747638 0.125 8
1758918779189 0.27419354838709675 9
1758918811057 0.3541666666666667 10
1758918843397 0.21666666666666667 11
1758918874837 0.31666666666666665 12
1758918907653 0.29411764705882354 13
1758918940446 0.3541666666666667 14
1758918974888 0.3114754098360656 15
1758919008102 0.3148148148148148 16
1758919039230 0.3958333333333333 17
1758919071026 0.3103448275862069 18
1758919102629 0.34 19
1758919133872 0.3541666666666667 20
1758919173612 0.35294117647058826 21
1758919213368 0.3114754098360656 22
1758919253486 0.32727272727272727 23
1758919290178 0.3584905660377358 24
