1758918492973 0.0 0
1758918524492 0.0 1
1758918557893 0.0 2
1758918591536 0.0 3
1758918623089 0.15 4
1758918655465 0.05 5
1758918686716 0.25 6
1758918716986 0.65 7
1758918747648 0.8 8
1758918779199 0.85 9
1758918811068 0.85 10
1758918843408 0.65 11
1758918874847 0.95 12
1758918907664 0.75 13
1758918940457 0.85 14
1758918974900 0.95 15
1758919008113 0.85 16
1758919039242 0.95 17
1758919071038 0.9 18
1758919102641 0.85 19
1758919133886 0.85 20
1758919173625 0.9 21
1758919213382 0.95 22
1758919253501 0.9 23
1758919290194 0.95 24
