1758918492980 0.0 0
1758918524500 0.0 1
1758918557903 0.0 2
1758918591546 0.0 3
1758918623098 0.061855670103092786 4
1758918655474 0.09523809523809523 5
1758918686725 0.35714285714285715 6
1758918716996 0.26262626262626265 7
1758918747658 0.21621621621621623 8
1758918779210 0.4146341463414634 9
1758918811078 0.5 10
1758918843418 0.325 11
1758918874858 0.475 12
1758918907676 0.4225352112676056 13
1758918940469 0.5 14
1758918974912 0.4691358024691358 15
1758919008125 0.4594594594594595 16
1758919039254 0.5588235294117647 17
1758919071050 0.46153846153846156 18
1758919102654 0.4857142857142857 19
1758919133902 0.5 20
1758919173638 0.5070422535211268 21
1758919213397 0.4691358024691358 22
1758919253515 0.48 23
1758919290209 0.5205479452054794 24
