1758918492916 0.21184277692700357 0
1758918524420 0.14092140921409213 1
1758918557812 0.3560645497136908 2
1758918591448 0.15818509344742177 3
1758918623011 0.1699555994079921 4
1758918655386 0.22485914290592454 5
1758918686636 0.260825267447784 6
1758918716905 0.2078418871533312 7
1758918747567 0.309188004929481 8
1758918779114 0.32932932932932935 9
1758918810985 0.37532515793385357 10
1758918843323 0.16296296296296298 11
1758918874763 0.2056003652412114 12
1758918907573 0.2647502028515127 13
1758918940367 0.27340553549939833 14
1758918974800 0.226384216746977 15
1758919008017 0.2648531011969532 16
1758919039142 0.36483275452385305 17
1758919070941 0.29660087719298245 18
1758919102541 0.22963282937365012 19
1758919133764 0.28939062879339644 20
1758919173517 0.2895711384541871 21
1758919213266 0.29141185854825846 22
1758919253387 0.21955373871572134 23
1758919290075 0.22317371548409648 24
