1758918493003 0.0 0
1758918524526 0.5945945945945946 1
1758918557929 0.8648648648648649 2
1758918591577 0.6557377049180327 3
1758918623126 0.8333333333333334 4
1758918655504 0.9743589743589743 5
1758918686756 0.9090909090909091 6
1758918717025 1.0 7
1758918747690 0.8695652173913043 8
1758918779240 0.7450980392156863 9
1758918811109 0.7755102040816326 10
1758918843449 0.918918918918919 11
1758918874889 0.35714285714285715 12
1758918907709 0.95 13
1758918940503 0.8571428571428571 14
1758918974949 0.625 15
1758919008161 0.9090909090909091 16
1758919039291 0.8 17
1758919071088 0.9473684210526315 18
1758919102690 0.9302325581395349 19
1758919133944 0.9743589743589743 20
1758919173679 0.95 21
1758919213439 0.95 22
1758919253557 0.975609756097561 23
1758919290256 1.0 24
