1758918492988 0.0 0
1758918524509 0.6470588235294118 1
1758918557911 0.9411764705882353 2
1758918591557 0.4878048780487805 3
1758918623107 0.7142857142857143 4
1758918655484 1.0 5
1758918686736 0.8333333333333334 6
1758918717006 1.0 7
1758918747668 0.7692307692307693 8
1758918779220 0.6129032258064516 9
1758918811088 0.6551724137931034 10
1758918843429 1.0 11
1758918874868 0.21739130434782608 12
1758918907686 0.95 13
1758918940480 0.8181818181818182 14
1758918974924 0.45454545454545453 15
1758919008137 0.8333333333333334 16
1758919039267 0.6666666666666666 17
1758919071063 1.0 18
1758919102666 0.8695652173913043 19
1758919133916 1.0 20
1758919173651 0.95 21
1758919213411 0.95 22
1758919253529 0.9523809523809523 23
1758919290223 1.0 24
