1758918492957 0.9876543209876543 0
1758918524474 1.0 1
1758918557875 1.0 2
1758918591514 1.0 3
1758918623069 1.0 4
1758918655447 0.9876543209876543 5
1758918686696 0.9876543209876543 6
1758918716966 1.0 7
1758918747628 1.0 8
1758918779179 0.9876543209876543 9
1758918811047 1.0 10
1758918843387 1.0 11
1758918874826 1.0 12
1758918907642 1.0 13
1758918940435 1.0 14
1758918974876 1.0 15
1758919008090 1.0 16
1758919039217 1.0 17
1758919071014 1.0 18
1758919102616 1.0 19
1758919133857 0.9876543209876543 20
1758919173599 0.9876543209876543 21
1758919213353 1.0 22
1758919253473 1.0 23
1758919290164 1.0 24
