1758918492923 0.5060240963855421 0
1758918524429 0.037420382165605094 1
1758918557821 0.17049180327868851 2
1758918591458 0.803921568627451 3
1758918623021 0.05755395683453238 4
1758918655396 0.75 5
1758918686646 0.6103896103896104 6
1758918716915 0.8064516129032258 7
1758918747579 0.5894736842105263 8
1758918779125 0.5272727272727272 9
1758918810995 0.7777777777777778 10
1758918843334 0.3253012048192771 11
1758918874774 0.7435897435897436 12
1758918907584 0.8088235294117647 13
1758918940378 0.7037037037037037 14
1758918974812 0.18181818181818182 15
1758919008030 0.803030303030303 16
1758919039154 0.8169014084507042 17
1758919070953 0.803030303030303 18
1758919102554 0.7375 19
1758919133779 0.8333333333333334 20
1758919173531 0.8125 21
1758919213282 0.7073170731707317 22
1758919253402 0.6041666666666666 23
1758919290090 0.7333333333333333 24
