1758918492936 0.5874125874125874 0
1758918524447 0.07142857142857142 1
1758918557840 0.28493150684931506 2
1758918591482 0.7387387387387387 3
1758918623041 0.10842207163601161 4
1758918655417 0.75 5
1758918686666 0.6861313868613139 6
1758918716935 0.819672131147541 7
1758918747599 0.7225806451612903 8
1758918779148 0.6823529411764706 9
1758918811016 0.8484848484848485 10
1758918843355 0.4778761061946903 11
1758918874795 0.8405797101449275 12
1758918907608 0.859375 13
1758918940400 0.8085106382978723 14
1758918974840 0.30606860158311344 15
1758919008055 0.8412698412698413 16
1758919039180 0.8854961832061069 17
1758919070978 0.8412698412698413 18
1758919102579 0.8428571428571429 19
1758919133816 0.8333333333333334 20
1758919173558 0.8387096774193549 21
1758919213311 0.8169014084507042 22
1758919253431 0.7435897435897436 23
1758919290121 0.8148148148148148 24
