1758918492930 0.7 0
1758918524438 0.7833333333333333 1
1758918557830 0.8666666666666667 2
1758918591469 0.6833333333333333 3
1758918623031 0.9333333333333333 4
1758918655406 0.75 5
1758918686656 0.7833333333333333 6
1758918716925 0.8333333333333334 7
1758918747589 0.9333333333333333 8
1758918779137 0.9666666666666667 9
1758918811006 0.9333333333333333 10
1758918843344 0.9 11
1758918874785 0.9666666666666667 12
1758918907596 0.9166666666666666 13
1758918940389 0.95 14
1758918974826 0.9666666666666667 15
1758919008042 0.8833333333333333 16
1758919039167 0.9666666666666667 17
1758919070966 0.8833333333333333 18
1758919102567 0.9833333333333333 19
1758919133802 0.8333333333333334 20
1758919173545 0.8666666666666667 21
1758919213297 0.9666666666666667 22
1758919253418 0.9666666666666667 23
1758919290105 0.9166666666666666 24
