1758918492902 0.12423909789442171 0
1758918524401 0.07703911216463744 1
1758918557794 0.254590570719603 2
1758918591426 0.08764269228370034 3
1758918622992 0.09514603328039771 4
1758918655364 0.1319507063420499 5
1758918686615 0.15837663944568176 6
1758918716883 0.12057327785483125 7
1758918747546 0.20269299820466785 8
1758918779093 0.2316357662520535 9
1758918810961 0.27678816114003835 10
1758918843301 0.0912421372779429 11
1758918874738 0.1184152861775791 12
1758918907549 0.16565129097766174 13
1758918940344 0.1727231260453094 14
1758918974775 0.1343621843298079 15
1758919007992 0.16320236019847123 16
1758919039115 0.2669876939539861 17
1758919070915 0.19449937084307029 18
1758919102515 0.13503352977037186 19
1758919133731 0.18324365872405843 20
1758919173487 0.18258511599879482 21
1758919213237 0.18932458110209016 22
1758919253352 0.1287840943151164 23
1758919290042 0.13150036041602306 24
