1758918492996 0.0 0
1758918524518 0.55 1
1758918557921 0.8 2
1758918591567 1.0 3
1758918623117 1.0 4
1758918655494 0.95 5
1758918686746 1.0 6
1758918717016 1.0 7
1758918747679 1.0 8
1758918779230 0.95 9
1758918811099 0.95 10
1758918843439 0.85 11
1758918874879 1.0 12
1758918907699 0.95 13
1758918940492 0.9 14
1758918974936 1.0 15
1758919008149 1.0 16
1758919039279 1.0 17
1758919071075 0.9 18
1758919102678 1.0 19
1758919133930 0.95 20
1758919173665 0.95 21
1758919213425 0.95 22
1758919253542 1.0 23
1758919290237 1.0 24
