1758918492950 1.0 0
1758918524465 1.0 1
1758918557865 1.0 2
1758918591504 1.0 3
1758918623060 1.0 4
1758918655438 1.0 5
1758918686686 1.0 6
1758918716955 1.0 7
1758918747618 1.0 8
1758918779168 1.0 9
1758918811037 1.0 10
1758918843376 1.0 11
1758918874816 1.0 12
1758918907631 1.0 13
1758918940424 1.0 14
1758918974864 1.0 15
1758919008079 1.0 16
1758919039205 1.0 17
1758919071002 1.0 18
1758919102604 1.0 19
1758919133844 1.0 20
1758919173584 1.0 21
1758919213339 1.0 22
1758919253458 1.0 23
1758919290150 1.0 24
