1758918492909 0.7184073860357761 0
1758918524412 0.8251586843623774 1
1758918557803 0.5920369301788806 2
1758918591436 0.8107328332371609 3
1758918623002 0.7951529140219273 4
1758918655375 0.7599538372763993 5
1758918686626 0.7386035776110791 6
1758918716894 0.7524523946912868 7
1758918747557 0.651471436814772 8
1758918779104 0.569532602423543 9
1758918810973 0.582804385458742 10
1758918843312 0.7616849394114252 11
1758918874750 0.7795729948066936 12
1758918907561 0.6589728793998846 13
1758918940355 0.6555106751298326 14
1758918974788 0.7184073860357761 15
1758919008004 0.7022504327755338 16
1758919039128 0.5758799769186382 17
1758919070929 0.6243508366993653 18
1758919102528 0.7668782458165032 19
1758919133749 0.6878245816503173 20
1758919173503 0.6993652625504905 21
1758919213251 0.6324293133294865 22
1758919253366 0.743796884016157 23
1758919290057 0.7368724754760531 24
