1758918493011 0.3573819370654491 0
1758918524535 0.3613889150474517 1
1758918557938 0.5011721842855741 2
1758918591589 0.5105323074208387 3
1758918623135 0.434713334896086 4
1758918655513 0.6064221066981297 5
1758918686766 0.6401689483061037 6
1758918717034 0.6580280561854269 7
1758918747700 0.6235100167396583 8
1758918779251 0.6318137554101207 9
1758918811120 0.699864042100067 10
1758918843460 0.5769515976153144 11
1758918874900 0.5756645865057992 12
1758918907720 0.6993320828238236 13
1758918940515 0.6878118061880255 14
1758918974961 0.5253177241598452 15
1758919008173 0.6949346622034327 16
1758919039303 0.7218304934283448 17
1758919071100 0.7093555202107834 18
1758919102702 0.6976873632169227 19
1758919133958 0.7169474514946718 20
1758919173691 0.7145954780764647 21
1758919213452 0.7054898138936198 22
1758919253571 0.6837506476806052 23
1758919290270 0.7117072951008782 24
