1758918493028 87.73510654305126 0
1758918524552 88.36909846406704 1
1758918557963 89.11478407815086 2
1758918591609 89.79160156023936 3
1758918623154 89.78928666504623 4
1758918655532 89.38880979663645 5
1758918686786 90.00833362269523 6
1758918717055 90.27859763649201 7
1758918747721 90.66663194323877 8
1758918779272 90.1686401148188 9
1758918811141 90.56072548815352 10
1758918843481 90.50661481301434 11
1758918874921 90.47594245170549 12
1758918907742 90.24879336088058 13
1758918940538 91.27024086484485 14
1758918974985 91.0109726032154 15
1758919008198 91.34431751102468 16
1758919039328 91.47539845133511 17
1758919071124 91.48870909869555 18
1758919102727 91.6698496475572 19
1758919133987 91.94879451832819 20
1758919173720 92.21095639894904 21
1758919213481 92.2887947498177 22
1758919253601 91.91696470942279 23
1758919290309 92.25436068382004 24
