1758918493019 0.6479858293262725 0
1758918524543 0.5386690646868751 1
1758918557948 0.5012891566224345 2
1758918591599 0.48450014343890535 3
1758918623145 0.4739463897272341 4
1758918655523 0.43892210442098545 5
1758918686776 0.430247951131659 6
1758918717044 0.4180102338433628 7
1758918747711 0.3908246137669603 8
1758918779262 0.3896159393490827 9
1758918811131 0.3761623128330663 10
1758918843471 0.37768095695611986 11
1758918874911 0.3742249564758364 12
1758918907731 0.3657830596819986 13
1758918940526 0.36762484301974635 14
1758918974973 0.3638276806017125 15
1758919008186 0.3592525922181516 16
1758919039315 0.3563925052834761 17
1758919071112 0.3551453760284413 18
1758919102715 0.35455115336963594 19
1758919133973 0.34465194709288577 20
1758919173704 0.34858028579934464 21
1758919213466 0.34284637167178855 22
1758919253585 0.34033456753667757 23
1758919290289 0.3356673842105428 24
