1758768250447 98.34195631792771 0
1758768282899 98.58183733231478 1
1758768324316 98.6434714168316 2
1758768364848 98.69092676829057 3
1758768404080 98.71639061541488 4
1758768438932 98.76268851927729 5
1758768472350 98.76471405257126 6
1758768506721 98.79133534729215 7
1758768540745 98.80638216604743 8
1758768576108 98.83792261305369 9
1758768611218 98.85007581281758 10
1758768646578 98.85152262231327 11
1758768681133 98.86888433626167 12
1758768716386 98.88827158350405 13
1758768752646 98.90650138314987 14
1758768788015 98.894348183386 15
1758768823212 98.91344606872924 16
1758768858810 98.9247311827957 17
1758768890835 98.95482482030626 18
1758768928473 98.92530990659398 19
1758768965033 98.96582057247358 20
1758769007142 98.94527587763464 21
1758769046595 98.97565887704434 22
1758769098652 98.97797377223746 23
1758769154583 98.97884185793488 24
1758769200744 98.98925888630393 25
1758769239588 98.99591420998415 26
1758769278422 98.99909719087468 27
1758769315478 99.0115397525377 28
1758769354785 99.02108869520933 29
1758769396795 99.02571848559556 30
1758769433945 99.024561037999 31
1758769472667 99.04134402814913 32
1758769509953 99.0346887044689 33
1758769548471 99.0274546569904 34
1758769584610 99.04221211384655 35
1758769622977 99.03382061877149 36
1758769662402 99.06044191349237 37
1758769699470 99.05031424702247 38
1758769738816 99.06449298008033 39
1758769778553 99.07462064655023 40
1758769819302 99.06622915147517 41
1758769856536 99.08156533212959 42
1758769898145 99.07838235123904 43
1758769937869 99.06767596097087 44
1758769975504 99.06912277046656 45
1758770015360 99.08706320821325 46
1758770055997 99.1041355602625 47
1758770090574 99.09458661759089 48
1758770131322 99.09574406518745 49
1758770172478 99.11079088394273 50
1758770210538 99.12178663611004 51
1758770250550 99.12120791231177 52
1758770292599 99.14609303563782 53
1758770331424 99.12062918851349 54
1758770372513 99.13538664536964 55
1758770413211 99.13625473106705 56
1758770451532 99.13770154056274 57
1758770492503 99.13972707385673 58
1758770533665 99.14985474032663 59
1758770571813 99.14088452145329 60
1758770613024 99.14927601652835 61
1758770653205 99.15361644501546 62
1758770691435 99.16750581617417 63
1758770731599 99.1698207113673 64
1758770771951 99.15708878780514 65
1758770810572 99.17763348264407 66
1758770850560 99.18978668240796 67
1758770889901 99.17908029213977 68
1758770930871 99.17502922555181 69
1758770968420 99.17155688276213 70
1758771008668 99.19123349190366 71
1758771048402 99.19325902519763 72
1758771086020 99.19412711089505 73
1758771126155 99.18544625392086 74
1758771165867 99.20280796786925 75
1758771205217 99.19759945368473 76
1758771245107 99.19239093950021 77
1758771284744 99.19210157760108 78
1758771324898 99.22161649131336 79
1758771360171 99.21640797712884 80
1758771392118 99.19962498697872 81
1758771423702 99.2204590437168 82
1758771454903 99.2262462816996 83
1758771486115 99.22653564359874 84
1758771517663 99.21525052953227 85
1758771549722 99.2320335196824 86
1758771582410 99.23550586247208 87
1758771616011 99.23695267196777 88
1758771649974 99.25199949072305 89
1758771679135 99.2349271386738 90
1758771711175 99.25431438591617 91
1758771743920 99.22566755790132 92
1758771775965 99.24823778603424 93
1758771808708 99.25749736680672 94
1758771840476 99.2537356621179 95
1758771876218 99.25778672870585 96
1758771911606 99.24245054805144 97
1758771945147 99.26531013808349 98
1758771978113 99.2739909950577 99
