1758768250439 0.07842629324834517 0
1758768282891 0.06477861742437299 1
1758768324308 0.062068570794675634 2
1758768364840 0.059543271275297564 3
1758768404071 0.0581441763301242 4
1758768438923 0.056477961963887706 5
1758768472341 0.05572005167249935 6
1758768506714 0.05465485512145312 7
1758768540736 0.05382108745139299 8
1758768576100 0.05255506661371328 9
1758768611210 0.051529899918241424 10
1758768646569 0.05082508089706405 11
1758768681125 0.05017493686069631 12
1758768716377 0.04935498715757772 13
1758768752637 0.04839582268394426 14
1758768788006 0.048235025108507315 15
1758768823203 0.047498973351493654 16
1758768858801 0.04686442214357494 17
1758768890826 0.04645813386551001 18
1758768928465 0.0461743089001781 19
1758768965023 0.04497887544747856 20
1758769007134 0.045494746582591214 21
1758769046585 0.04446988523297477 22
1758769098643 0.04403709467435773 23
1758769154573 0.043528792413934654 24
1758769200732 0.04342136979512698 25
1758769239576 0.04261282082987708 26
1758769278413 0.04236893254608192 27
1758769315463 0.04152687184008149 28
1758769354776 0.04163201194485063 29
1758769396785 0.041229977261801075 30
1758769433936 0.041233130812200855 31
1758769472657 0.040472168561429024 32
1758769509944 0.040210081180859426 33
1758769548461 0.040383285142252805 34
1758769584600 0.0400256865475482 35
1758769622966 0.039953912184099424 36
1758769662391 0.038829712657370015 37
1758769699460 0.039118682040975225 38
1758769738806 0.038543912201593804 39
1758769778543 0.03802834831801226 40
1758769819292 0.038002000519471175 41
1758769856526 0.03757229068165611 42
1758769898133 0.037346413341195636 43
1758769937859 0.03742552308576975 44
1758769975494 0.037171820547535185 45
1758770015351 0.03663145283582034 46
1758770055987 0.036252744983066805 47
1758770090563 0.036282826249737776 48
1758770131310 0.035711729400403174 49
1758770172469 0.03471663189754407 50
1758770210527 0.03461357000652546 51
1758770250538 0.03465813192163801 52
1758770292586 0.03410846991272626 53
1758770331409 0.03445116997116539 54
1758770372502 0.033666531706284905 55
1758770413199 0.033793982461017245 56
1758770451522 0.03351715631804567 57
1758770492490 0.03357897668184402 58
1758770533652 0.03298545632435923 59
1758770571800 0.032910412820939976 60
1758770613012 0.032759607327256905 61
1758770653194 0.03237291599015912 62
1758770691424 0.03242685241103 63
1758770731588 0.031781184674160884 64
1758770771940 0.03193066175677814 65
1758770810561 0.031336032766428414 66
1758770850548 0.03096250479503026 67
1758770889891 0.030829568793113275 68
1758770930860 0.03134192833827843 69
1758770968409 0.03147213687648117 70
1758771008658 0.030828560604207234 71
1758771048391 0.030200778623079207 72
1758771086005 0.02978014210852389 73
1758771126144 0.029934868111007814 74
1758771165854 0.02937632779301903 75
1758771205205 0.029203804966420176 76
1758771245095 0.029352251914398813 77
1758771284733 0.02969439836866783 78
1758771324884 0.02851598964099712 79
1758771360160 0.02858628794412922 80
1758771392107 0.029015915869019443 81
1758771423691 0.028468860743795867 82
1758771454893 0.028117799526533215 83
1758771486103 0.02809410886723695 84
1758771517652 0.027894401638046407 85
1758771549712 0.027608911744706952 86
1758771582399 0.02803672654026067 87
1758771615999 0.027350334891741147 88
1758771649963 0.027202864656509416 89
1758771679125 0.027982944088656005 90
1758771711163 0.026637011068211265 91
1758771743910 0.02697364989561417 92
1758771775954 0.026389302218373847 93
1758771808698 0.026685727894817116 94
1758771840464 0.026679852911965334 95
1758771876207 0.02620549968886836 96
1758771911594 0.02647932138826474 97
1758771945136 0.02579452605770375 98
1758771978102 0.025506340927537098 99
