1759003589539 0.0 0
1759003840843 0.0 1
1759003906719 0.0 2
1759003927333 0.0 3
1759003948161 0.0 4
1759003969153 0.0 5
1759003993267 0.0 6
1759004015256 0.0 7
1759004038392 0.0 8
1759004061658 0.5 9
1759004085519 0.078125 10
1759004111738 0.01722158438576349 11
1759004135056 0.3939393939393939 12
1759004158310 0.01463963963963964 13
1759004182268 0.6 14
1759004205765 0.203125 15
1759004232156 0.17582417582417584 16
1759004255773 0.37037037037037035 17
1759004279551 0.3333333333333333 18
1759004303552 0.19318181818181818 19
1759004329408 0.37209302325581395 20
1759004352870 0.28125 21
1759004378910 0.29508196721311475 22
1759004403250 0.1346153846153846 23
1759004426833 0.46153846153846156 24
1759004450760 0.34615384615384615 25
1759004475384 0.375 26
1759004499462 0.001443001443001443 27
1759004526528 0.3170731707317073 28
1759004550312 0.34782608695652173 29
1759004574313 0.0 30
1759004599278 0.3181818181818182 31
1759004622796 0.2222222222222222 32
1759004647638 0.2777777777777778 33
1759004674233 0.19736842105263158 34
1759004698323 0.14285714285714285 35
1759004722990 0.20588235294117646 36
1759004748986 0.0010362694300518134 37
1759004771206 0.2972972972972973 38
1759004793466 0.12727272727272726 39
1759004818655 0.14285714285714285 40
1759004841957 0.11570247933884298 41
1759004867823 0.18823529411764706 42
1759004892330 0.0410958904109589 43
1759004916487 0.11594202898550725 44
1759004942271 0.019659239842726082 45
1759004971371 0.17525773195876287 46
1759004995416 0.05405405405405406 47
1759005019529 0.25 48
1759005043602 0.34285714285714286 49
1759005067630 0.22058823529411764 50
1759005093040 0.1694915254237288 51
1759005119445 0.14754098360655737 52
1759005144155 0.24615384615384617 53
1759005167732 0.07246376811594203 54
1759005191800 0.2777777777777778 55
1759005215118 0.1794871794871795 56
1759005238572 0.1417910447761194 57
1759005264930 0.27692307692307694 58
1759005290976 0.0 59
