1759003589500 0.5 0
1759003840791 0.8 1
1759003906669 0.95 2
1759003927284 0.9166666666666666 3
1759003948112 0.9166666666666666 4
1759003969101 0.9666666666666667 5
1759003993214 0.9666666666666667 6
1759004015197 0.9333333333333333 7
1759004038337 0.9666666666666667 8
1759004061602 0.8666666666666667 9
1759004085461 0.9333333333333333 10
1759004111676 0.9333333333333333 11
1759004134996 0.95 12
1759004158250 0.9666666666666667 13
1759004182205 0.95 14
1759004205703 0.9 15
1759004232095 0.9166666666666666 16
1759004255697 0.7 17
1759004279487 0.9333333333333333 18
1759004303486 0.9333333333333333 19
1759004329340 0.9 20
1759004352803 0.7666666666666667 21
1759004378843 0.9166666666666666 22
1759004403182 0.7833333333333333 23
1759004426761 0.75 24
1759004450688 0.8666666666666667 25
1759004475312 0.8666666666666667 26
1759004499384 0.75 27
1759004526454 0.9 28
1759004550237 0.85 29
1759004574235 0.8 30
1759004599202 0.8333333333333334 31
1759004622716 0.85 32
1759004647558 0.8833333333333333 33
1759004674152 0.8833333333333333 34
1759004698241 0.8333333333333334 35
1759004722907 0.9 36
1759004748899 0.75 37
1759004771124 0.9666666666666667 38
1759004793380 0.9166666666666666 39
1759004818570 0.8666666666666667 40
1759004841870 0.9166666666666666 41
1759004867733 0.95 42
1759004892240 0.8666666666666667 43
1759004916396 0.95 44
1759004942170 0.7 45
1759004971276 0.9166666666666666 46
1759004995320 0.7166666666666667 47
1759005019433 0.95 48
1759005043507 0.8333333333333334 49
1759005067533 0.8 50
1759005092943 0.9666666666666667 51
1759005119347 0.6333333333333333 52
1759005144054 0.8333333333333334 53
1759005167632 0.6666666666666666 54
1759005191701 0.95 55
1759005215013 0.9 56
1759005238468 0.9333333333333333 57
1759005264827 0.9166666666666666 58
1759005290863 0.8 59
