1759003589483 0.43384467881112176 0
1759003840771 0.29021920266632484 1
1759003906649 0.46615776081424937 2
1759003927264 0.2170461484777109 3
1759003948092 0.13964647701121286 4
1759003969080 0.24092409240924093 5
1759003993192 0.21662595805609366 6
1759004015172 0.18959943780744906 7
1759004038315 0.13459193351700466 8
1759004061579 0.24362712820995203 9
1759004085438 0.45052726048911823 10
1759004111652 0.17902079666210313 11
1759004134973 0.2703485135285603 12
1759004158225 0.1542903840915282 13
1759004182180 0.3008036739380023 14
1759004205678 0.14921479626441278 15
1759004232070 0.2411770362534859 16
1759004255655 0.46978397593656 17
1759004279461 0.31818817279463163 18
1759004303459 0.20527680341619642 19
1759004329315 0.2565477418024335 20
1759004352776 0.16585249612772548 21
1759004378817 0.16454134101192924 22
1759004403154 0.16190309193991467 23
1759004426733 0.14741056846320005 24
1759004450660 0.21550635575385133 25
1759004475284 0.24127465857359637 26
1759004499354 0.3094809688581315 27
1759004526424 0.2526089295320065 28
1759004550207 0.1593601895734597 29
1759004574205 0.24460874922982132 30
1759004599171 0.32014957572270963 31
1759004622685 0.31862608209997206 32
1759004647526 0.10380926651357558 33
1759004674119 0.11315042573320719 34
1759004698209 0.1286110197754709 35
1759004722874 0.21955628594905505 36
1759004748865 0.12502179598953791 37
1759004771090 0.2531539108494533 38
1759004793345 0.20025751723093235 39
1759004818534 0.2639204885642438 40
1759004841835 0.1996953541507997 41
1759004867697 0.4232606438213915 42
1759004892205 0.1381165009133347 43
1759004916358 0.12965066097306138 44
1759004942134 0.31040711407530913 45
1759004971239 0.22386411889596602 46
1759004995283 0.21823823478710566 47
1759005019396 0.29232769830949284 48
1759005043469 0.22898249263303866 49
1759005067493 0.19060264070222024 50
1759005092904 0.34518760195758563 51
1759005119307 0.194219826295298 52
1759005144013 0.2200997379765024 53
1759005167588 0.26297491929476036 54
1759005191660 0.15126865269622367 55
1759005214971 0.24775365976779404 56
1759005238428 0.2827102803738318 57
1759005264786 0.2322557010715267 58
1759005290814 0.2281664836810061 59
