1759003589508 0.631578947368421 0
1759003840801 0.4873096446700508 1
1759003906679 0.3825503355704698 2
1759003927294 0.11247443762781185 3
1759003948122 0.7432432432432432 4
1759003969111 0.06602162777461583 5
1759003993225 0.5178571428571429 6
1759004015208 0.5114155251141552 7
1759004038347 0.25 8
1759004061613 0.832 9
1759004085472 0.7225806451612903 10
1759004111689 0.7516778523489933 11
1759004135008 0.59375 12
1759004158261 0.6137566137566137 13
1759004182217 0.5229357798165137 14
1759004205715 0.8 15
1759004232107 0.7482993197278912 16
1759004255715 0.8 17
1759004279499 0.7088607594936709 18
1759004303499 0.5743589743589743 19
1759004329353 0.453781512605042 20
1759004352816 0.7931034482758621 21
1759004378857 0.34591194968553457 22
1759004403195 0.8468468468468469 23
1759004426775 0.8256880733944955 24
1759004450703 0.21987315010570824 25
1759004475326 0.28337874659400547 26
1759004499399 0.6818181818181818 27
1759004526468 0.8780487804878049 28
1759004550252 0.2857142857142857 29
1759004574251 0.8205128205128205 30
1759004599217 0.5681818181818182 31
1759004622731 0.7034482758620689 32
1759004647574 0.6503067484662577 33
1759004674168 0.8346456692913385 34
1759004698258 0.4878048780487805 35
1759004722923 0.75 36
1759004748917 0.5389221556886228 37
1759004771140 0.18619582664526485 38
1759004793397 0.6962025316455697 39
1759004818586 0.44635193133047213 40
1759004841887 0.6626506024096386 41
1759004867751 0.6551724137931034 42
1759004892258 0.611764705882353 43
1759004916414 0.5876288659793815 44
1759004942188 0.7058823529411765 45
1759004971295 0.6748466257668712 46
1759004995338 0.7678571428571429 47
1759005019453 0.5089285714285714 48
1759005043526 0.8064516129032258 49
1759005067553 0.6357615894039735 50
1759005092962 0.27423167848699764 51
1759005119366 0.7450980392156863 52
1759005144075 0.6172839506172839 53
1759005167652 0.7207207207207207 54
1759005191721 0.5876288659793815 55
1759005215035 0.4954128440366973 56
1759005238490 0.4745762711864407 57
1759005264847 0.5945945945945946 58
1759005290886 0.75 59
