1759003589524 1.0 0
1759003840821 1.0 1
1759003906699 1.0 2
1759003927313 1.0 3
1759003948141 1.0 4
1759003969131 1.0 5
1759003993245 1.0 6
1759004015231 1.0 7
1759004038370 1.0 8
1759004061635 1.0 9
1759004085496 1.0 10
1759004111714 1.0 11
1759004135032 1.0 12
1759004158286 1.0 13
1759004182242 1.0 14
1759004205740 1.0 15
1759004232131 1.0 16
1759004255745 1.0 17
1759004279525 1.0 18
1759004303525 1.0 19
1759004329380 1.0 20
1759004352843 0.975 21
1759004378884 0.925 22
1759004403223 1.0 23
1759004426804 1.0 24
1759004450731 1.0 25
1759004475356 1.0 26
1759004499430 1.0 27
1759004526498 1.0 28
1759004550282 1.0 29
1759004574281 1.0 30
1759004599248 1.0 31
1759004622763 1.0 32
1759004647606 1.0 33
1759004674200 1.0 34
1759004698290 1.0 35
1759004722956 1.0 36
1759004748951 1.0 37
1759004771174 1.0 38
1759004793433 1.0 39
1759004818621 1.0 40
1759004841922 1.0 41
1759004867787 1.0 42
1759004892294 1.0 43
1759004916451 1.0 44
1759004942226 1.0 45
1759004971333 1.0 46
1759004995376 1.0 47
1759005019491 1.0 48
1759005043564 1.0 49
1759005067591 1.0 50
1759005093001 1.0 51
1759005119406 0.975 52
1759005144115 1.0 53
1759005167693 1.0 54
1759005191761 1.0 55
1759005215076 1.0 56
1759005238532 1.0 57
1759005264888 1.0 58
1759005290932 1.0 59
