1759003589580 0.0 0
1759003840899 0.03529411764705882 1
1759003906766 0.0 2
1759003927380 0.05385996409335727 3
1759003948211 0.8571428571428571 4
1759003969202 0.5818181818181818 5
1759003993319 0.75 6
1759004015312 0.8333333333333334 7
1759004038449 0.8648648648648649 8
1759004061714 0.95 9
1759004085579 1.0 10
1759004111795 0.8888888888888888 11
1759004135115 0.9090909090909091 12
1759004158369 0.9302325581395349 13
1759004182330 0.9302325581395349 14
1759004205826 1.0 15
1759004232219 0.8888888888888888 16
1759004255842 0.9523809523809523 17
1759004279615 0.8888888888888888 18
1759004303617 0.8695652173913043 19
1759004329473 0.76 20
1759004352938 0.8421052631578947 21
1759004378980 0.8888888888888888 22
1759004403319 0.9230769230769231 23
1759004426901 0.9090909090909091 24
1759004450834 0.8085106382978723 25
1759004475456 0.04337899543378995 26
1759004499539 0.07736943907156674 27
1759004526602 0.975609756097561 28
1759004550388 0.7307692307692307 29
1759004574390 0.9743589743589743 30
1759004599356 0.7017543859649122 31
1759004622879 0.85 32
1759004647718 0.975609756097561 33
1759004674313 0.9523809523809523 34
1759004698404 0.8695652173913043 35
1759004723074 0.9090909090909091 36
1759004749070 0.03220338983050847 37
1759004771288 0.7547169811320755 38
1759004793549 1.0 39
1759004818739 0.4878048780487805 40
1759004842045 1.0 41
1759004867927 0.9302325581395349 42
1759004892418 0.8108108108108109 43
1759004916577 0.975609756097561 44
1759004942376 0.8260869565217391 45
1759004971464 0.975609756097561 46
1759004995512 0.5185185185185185 47
1759005019626 0.9743589743589743 48
1759005043697 0.9743589743589743 49
1759005067727 0.8888888888888888 50
1759005093137 0.8333333333333334 51
1759005119543 0.7017543859649122 52
1759005144254 0.8888888888888888 53
1759005167833 0.34782608695652173 54
1759005191902 0.9473684210526315 55
1759005215219 0.9302325581395349 56
1759005238672 0.8888888888888888 57
1759005265034 0.9090909090909091 58
1759005291092 0.8837209302325582 59
