1759003589467 0.3710537105371054 0
1759003840751 0.1865524060646012 1
1759003906628 0.4169321802457897 2
1759003927243 0.12785200411099693 3
1759003948071 0.07629748528624933 4
1759003969058 0.14482436690395611 5
1759003993170 0.12682445759368835 6
1759004015147 0.10794590701768425 7
1759004038292 0.07301058408467268 8
1759004061557 0.14553832321870083 9
1759004085414 0.368575624082232 10
1759004111627 0.100911362634132 11
1759004134949 0.16749448123620309 12
1759004158201 0.08518830465647936 13
1759004182155 0.19308876514903373 14
1759004205654 0.08202363198348056 15
1759004232045 0.14470343872605584 16
1759004255624 0.44646569646569645 17
1759004279435 0.2099630996309963 18
1759004303433 0.11826728758457078 19
1759004329289 0.15618330194601382 20
1759004352749 0.09247326114395801 21
1759004378790 0.09159905783826224 22
1759004403127 0.09007544224765869 23
1759004426703 0.081110853432282 24
1759004450630 0.12615809185886062 25
1759004475256 0.14853863606032297 26
1759004499324 0.2035688273852877 27
1759004526393 0.15524993387992594 28
1759004550176 0.08879646134548096 29
1759004574174 0.14878201124297313 30
1759004599140 0.2132183908045977 31
1759004622652 0.21016761834592007 32
1759004647493 0.05513110226335234 33
1759004674088 0.060545925805929046 34
1759004698175 0.07000409081611782 35
1759004722841 0.1280061320302769 36
1759004748829 0.06761918234545197 37
1759004771056 0.15477567810772594 38
1759004793310 0.11525719267654752 39
1759004818498 0.16651556361438502 40
1759004841799 0.11503027112398 41
1759004867661 0.33062946138870863 42
1759004892168 0.0757162726008345 43
1759004916322 0.07036489151873768 44
1759004942097 0.2044289897510981 45
1759004971201 0.13124875522804222 46
1759004995244 0.12828047421217956 47
1759005019356 0.18868557998992783 48
1759005043429 0.13472718001019887 49
1759005067454 0.10926928281461434 50
1759005092864 0.2406186035933591 51
1759005119268 0.11158909059623161 52
1759005143972 0.1289364230540701 53
1759005167546 0.16753678215472234 54
1759005191618 0.08342245989304813 55
1759005214930 0.1501468428781204 56
1759005238386 0.1772374395781456 57
1759005264744 0.13803614195514913 58
1759005290764 0.13794351918899347 59
