1759003589564 0.0 0
1759003840877 0.01875 1
1759003906748 0.0 2
1759003927361 0.027932960893854747 3
1759003948191 1.0 4
1759003969182 0.45714285714285713 5
1759003993298 1.0 6
1759004015290 0.7142857142857143 7
1759004038424 0.9411764705882353 8
1759004061693 0.95 9
1759004085556 1.0 10
1759004111772 0.8 11
1759004135091 0.8333333333333334 12
1759004158345 0.8695652173913043 13
1759004182305 0.8695652173913043 14
1759004205802 1.0 15
1759004232193 0.8 16
1759004255814 0.9090909090909091 17
1759004279589 0.8 18
1759004303591 0.7692307692307693 19
1759004329447 0.6333333333333333 20
1759004352911 0.8888888888888888 21
1759004378952 0.8 22
1759004403292 0.9473684210526315 23
1759004426874 0.8333333333333334 24
1759004450804 0.7037037037037037 25
1759004475427 0.02219626168224299 26
1759004499507 0.04024144869215292 27
1759004526573 0.9523809523809523 28
1759004550358 0.59375 29
1759004574359 1.0 30
1759004599325 0.5405405405405406 31
1759004622847 0.85 32
1759004647686 0.9523809523809523 33
1759004674281 0.9090909090909091 34
1759004698372 0.7692307692307693 35
1759004723040 0.8333333333333334 36
1759004749037 0.016379310344827588 37
1759004771255 0.6060606060606061 38
1759004793517 1.0 39
1759004818706 0.3225806451612903 40
1759004842011 1.0 41
1759004867885 0.8695652173913043 42
1759004892383 0.8823529411764706 43
1759004916542 0.9523809523809523 44
1759004942336 0.7307692307692307 45
1759004971426 0.9523809523809523 46
1759004995474 1.0 47
1759005019587 1.0 48
1759005043659 1.0 49
1759005067688 1.0 50
1759005093098 0.7142857142857143 51
1759005119503 0.5405405405405406 52
1759005144214 0.8 53
1759005167792 0.21052631578947367 54
1759005191862 1.0 55
1759005215178 0.8695652173913043 56
1759005238631 0.8 57
1759005264991 0.8333333333333334 58
1759005291045 0.8260869565217391 59
