1759003589547 0.0 0
1759003840856 0.0 1
1759003906729 0.0 2
1759003927343 0.0 3
1759003948171 0.0 4
1759003969163 0.0 5
1759003993277 0.0 6
1759004015268 0.0 7
1759004038403 0.0 8
1759004061669 0.05 9
1759004085531 0.5 10
1759004111749 0.75 11
1759004135068 0.65 12
1759004158322 0.65 13
1759004182280 0.15 14
1759004205777 0.65 15
1759004232168 0.8 16
1759004255787 0.5 17
1759004279564 0.65 18
1759004303565 0.85 19
1759004329420 0.8 20
1759004352884 0.9 21
1759004378924 0.9 22
1759004403264 0.7 23
1759004426847 0.3 24
1759004450775 0.45 25
1759004475399 0.15 26
1759004499477 0.1 27
1759004526543 0.65 28
1759004550328 0.4 29
1759004574328 0.0 30
1759004599294 0.35 31
1759004622813 0.7 32
1759004647654 0.75 33
1759004674249 0.75 34
1759004698339 0.9 35
1759004723006 0.7 36
1759004749003 0.05 37
1759004771222 0.55 38
1759004793484 0.7 39
1759004818672 0.55 40
1759004841976 0.7 41
1759004867843 0.8 42
1759004892348 0.15 43
1759004916505 0.4 44
1759004942295 0.75 45
1759004971390 0.85 46
1759004995435 0.2 47
1759005019548 0.5 48
1759005043621 0.6 49
1759005067650 0.75 50
1759005093059 0.5 51
1759005119465 0.9 52
1759005144175 0.8 53
1759005167751 0.5 54
1759005191821 0.75 55
1759005215138 0.7 56
1759005238591 0.95 57
1759005264953 0.9 58
1759005291000 0.0 59
