1759003589476 0.5222158107328332 0
1759003840761 0.6532025389497981 1
1759003906639 0.5285631852279284 2
1759003927254 0.7178303519907675 3
1759003948082 0.8228505481823427 4
1759003969069 0.7160992498557415 5
1759003993181 0.742065781881131 6
1759004015160 0.7784189267166762 7
1759004038304 0.8597807270628968 8
1759004061568 0.7472590882862089 9
1759004085426 0.5793421811886902 10
1759004111640 0.792267743796884 11
1759004134961 0.7005193306405078 12
1759004158213 0.8170802077322562 13
1759004182167 0.6803231390652048 14
1759004205666 0.8251586843623774 15
1759004232057 0.723600692440854 16
1759004255638 0.4956722446624351 17
1759004279448 0.65666474321985 18
1759004303446 0.7766878245816503 19
1759004329302 0.7178303519907675 20
1759004352763 0.8032313906520485 21
1759004378804 0.8078476630121177 22
1759004403140 0.7991921523369879 23
1759004426718 0.8072706289671091 24
1759004450645 0.7386035776110791 25
1759004475270 0.6422388920946336 26
1759004499339 0.6451240623196769 27
1759004526409 0.6774379688401616 28
1759004550192 0.7761107905366417 29
1759004574190 0.6872475476053087 30
1759004599155 0.6422388920946336 31
1759004622668 0.6583958453548759 32
1759004647510 0.8869013271783035 33
1759004674104 0.86266589728794 34
1759004698192 0.7899596076168494 35
1759004722857 0.7709174841315638 36
1759004748847 0.827466820542412 37
1759004771073 0.6947489901904212 38
1759004793328 0.7628390075014426 39
1759004818516 0.6358915175995383 40
1759004841817 0.7564916330063474 41
1759004867680 0.58799769186382 42
1759004892187 0.7853433352567801 43
1759004916340 0.8234275822273515 44
1759004942116 0.6445470282746683 45
1759004971220 0.760530871321408 46
1759004995263 0.7305251009809579 47
1759005019377 0.6485862665897288 48
1759005043449 0.762261973456434 49
1759005067474 0.7455279861511829 50
1759005092885 0.6105020196191575 51
1759005119288 0.7484131563762262 52
1759005143993 0.7512983266012695 53
1759005167566 0.6110790536641661 54
1759005191640 0.8101557991921523 55
1759005214951 0.7080207732256203 56
1759005238407 0.6982111944604732 57
1759005264765 0.7316791690709752 58
1759005290789 0.6595499134448932 59
