1759003589492 0.8571428571428571 0
1759003840780 0.35036496350364965 1
1759003906659 0.23949579831932774 2
1759003927275 0.05991285403050109 3
1759003948102 0.625 4
1759003969091 0.03417796110783736 5
1759003993203 0.35365853658536583 6
1759004015184 0.3522012578616352 7
1759004038326 0.14356435643564355 8
1759004061591 0.8 9
1759004085449 0.5894736842105263 10
1759004111663 0.6292134831460674 11
1759004134985 0.4318181818181818 12
1759004158237 0.4496124031007752 13
1759004182192 0.36075949367088606 14
1759004205691 0.72 15
1759004232082 0.632183908045977 16
1759004255677 0.9333333333333333 17
1759004279473 0.5714285714285714 18
1759004303473 0.4148148148148148 19
1759004329327 0.30337078651685395 20
1759004352790 0.8214285714285714 21
1759004378830 0.2131782945736434 22
1759004403168 0.9215686274509803 23
1759004426747 0.9183673469387755 24
1759004450674 0.12590799031476999 25
1759004475298 0.16938110749185667 26
1759004499369 0.625 27
1759004526439 0.8571428571428571 28
1759004550222 0.1717171717171717 29
1759004574220 0.8421052631578947 30
1759004599186 0.43103448275862066 31
1759004622700 0.6 32
1759004647542 0.5145631067961165 33
1759004674136 0.7910447761194029 34
1759004698225 0.3448275862068966 35
1759004722890 0.6428571428571429 36
1759004748883 0.4205607476635514 37
1759004771106 0.10301953818827708 38
1759004793363 0.5612244897959183 39
1759004818551 0.30057803468208094 40
1759004841852 0.5188679245283019 41
1759004867716 0.5 42
1759004892223 0.4727272727272727 43
1759004916377 0.4253731343283582 44
1759004942152 0.711864406779661 45
1759004971258 0.5339805825242718 46
1759004995301 0.8269230769230769 47
1759005019414 0.3475609756097561 48
1759005043488 0.78125 49
1759005067513 0.5274725274725275 50
1759005092924 0.15977961432506887 51
1759005119328 0.9047619047619048 52
1759005144033 0.49019607843137253 53
1759005167611 0.7843137254901961 54
1759005191680 0.4253731343283582 55
1759005214993 0.34177215189873417 56
1759005238448 0.3181818181818182 57
1759005264806 0.44 58
1759005290839 0.7058823529411765 59
