1759003589515 1.0 0
1759003840811 1.0 1
1759003906688 0.975609756097561 2
1759003927303 1.0 3
1759003948131 1.0 4
1759003969122 0.9523809523809523 5
1759003993235 1.0 6
1759004015220 1.0 7
1759004038359 1.0 8
1759004061625 1.0 9
1759004085484 1.0 10
1759004111702 1.0 11
1759004135020 1.0 12
1759004158274 1.0 13
1759004182229 1.0 14
1759004205727 1.0 15
1759004232119 1.0 16
1759004255730 1.0 17
1759004279513 1.0 18
1759004303512 1.0 19
1759004329367 1.0 20
1759004352830 1.0 21
1759004378870 1.0 22
1759004403209 1.0 23
1759004426790 1.0 24
1759004450717 1.0 25
1759004475341 0.025526483726866625 26
1759004499414 0.975609756097561 27
1759004526483 1.0 28
1759004550267 1.0 29
1759004574266 1.0 30
1759004599232 1.0 31
1759004622747 1.0 32
1759004647590 1.0 33
1759004674184 1.0 34
1759004698274 1.0 35
1759004722939 1.0 36
1759004748935 1.0 37
1759004771158 1.0 38
1759004793415 1.0 39
1759004818604 0.975609756097561 40
1759004841905 1.0 41
1759004867769 1.0 42
1759004892276 1.0 43
1759004916433 0.975609756097561 44
1759004942207 1.0 45
1759004971314 1.0 46
1759004995357 1.0 47
1759005019472 1.0 48
1759005043545 1.0 49
1759005067572 1.0 50
1759005092982 1.0 51
1759005119386 1.0 52
1759005144095 1.0 53
1759005167672 1.0 54
1759005191741 1.0 55
1759005215055 1.0 56
1759005238510 1.0 57
1759005264868 1.0 58
1759005290909 1.0 59
