1759003589555 0.0 0
1759003840866 0.0 1
1759003906738 0.0 2
1759003927352 0.0 3
1759003948182 0.0 4
1759003969173 0.0 5
1759003993288 0.0 6
1759004015279 0.0 7
1759004038414 0.0 8
1759004061680 0.09090909090909091 9
1759004085543 0.13513513513513514 10
1759004111760 0.03367003367003367 11
1759004135080 0.49056603773584906 12
1759004158334 0.028634361233480177 13
1759004182292 0.24 14
1759004205790 0.30952380952380953 15
1759004232181 0.2882882882882883 16
1759004255801 0.425531914893617 17
1759004279576 0.4406779661016949 18
1759004303578 0.3148148148148148 19
1759004329434 0.5079365079365079 20
1759004352898 0.42857142857142855 21
1759004378938 0.4444444444444444 22
1759004403278 0.22580645161290322 23
1759004426861 0.36363636363636365 24
1759004450790 0.391304347826087 25
1759004475413 0.21428571428571427 26
1759004499492 0.002844950213371266 27
1759004526557 0.4262295081967213 28
1759004550343 0.37209302325581395 29
1759004574344 0.0 30
1759004599309 0.3333333333333333 31
1759004622831 0.3373493975903614 32
1759004647670 0.40540540540540543 33
1759004674265 0.3125 34
1759004698356 0.2465753424657534 35
1759004723023 0.3181818181818182 36
1759004749019 0.0020304568527918783 37
1759004771239 0.38596491228070173 38
1759004793499 0.2153846153846154 39
1759004818689 0.2268041237113402 40
1759004841994 0.19858156028368795 41
1759004867863 0.3047619047619048 42
1759004892365 0.06451612903225806 43
1759004916523 0.1797752808988764 44
1759004942316 0.038314176245210725 45
1759004971408 0.2905982905982906 46
1759004995454 0.0851063829787234 47
1759005019568 0.3333333333333333 48
1759005043640 0.43636363636363634 49
1759005067669 0.3409090909090909 50
1759005093079 0.25316455696202533 51
1759005119484 0.2535211267605634 52
1759005144195 0.3764705882352941 53
1759005167771 0.12658227848101267 54
1759005191841 0.40540540540540543 55
1759005215158 0.2857142857142857 56
1759005238612 0.24675324675324675 57
1759005264972 0.4235294117647059 58
1759005291023 0.0 59
