1759003589572 0.0 0
1759003840888 0.3 1
1759003906757 0.0 2
1759003927371 0.75 3
1759003948201 0.75 4
1759003969192 0.8 5
1759003993308 0.6 6
1759004015302 1.0 7
1759004038439 0.8 8
1759004061704 0.95 9
1759004085567 1.0 10
1759004111783 1.0 11
1759004135103 1.0 12
1759004158357 1.0 13
1759004182317 1.0 14
1759004205814 1.0 15
1759004232206 1.0 16
1759004255827 1.0 17
1759004279602 1.0 18
1759004303604 1.0 19
1759004329460 0.95 20
1759004352924 0.8 21
1759004378965 1.0 22
1759004403305 0.9 23
1759004426888 1.0 24
1759004450819 0.95 25
1759004475441 0.95 26
1759004499524 1.0 27
1759004526587 1.0 28
1759004550373 0.95 29
1759004574375 0.95 30
1759004599341 1.0 31
1759004622863 0.85 32
1759004647702 1.0 33
1759004674298 1.0 34
1759004698388 1.0 35
1759004723057 1.0 36
1759004749053 0.95 37
1759004771271 1.0 38
1759004793533 1.0 39
1759004818722 1.0 40
1759004842028 1.0 41
1759004867905 1.0 42
1759004892400 0.75 43
1759004916560 1.0 44
1759004942357 0.95 45
1759004971445 1.0 46
1759004995493 0.35 47
1759005019607 0.95 48
1759005043679 0.95 49
1759005067708 0.8 50
1759005093118 1.0 51
1759005119523 1.0 52
1759005144234 1.0 53
1759005167812 1.0 54
1759005191882 0.9 55
1759005215198 1.0 56
1759005238652 1.0 57
1759005265012 1.0 58
1759005291068 0.95 59
