1759003589531 1.0 0
1759003840831 1.0 1
1759003906709 0.9876543209876543 2
1759003927323 1.0 3
1759003948151 1.0 4
1759003969141 0.975609756097561 5
1759003993256 1.0 6
1759004015243 1.0 7
1759004038381 1.0 8
1759004061646 1.0 9
1759004085507 1.0 10
1759004111726 1.0 11
1759004135044 1.0 12
1759004158298 1.0 13
1759004182255 1.0 14
1759004205752 1.0 15
1759004232143 1.0 16
1759004255759 1.0 17
1759004279538 1.0 18
1759004303539 1.0 19
1759004329394 1.0 20
1759004352857 0.9873417721518988 21
1759004378897 0.961038961038961 22
1759004403237 1.0 23
1759004426818 1.0 24
1759004450746 1.0 25
1759004475370 0.049782202862476664 26
1759004499446 0.9876543209876543 27
1759004526513 1.0 28
1759004550297 1.0 29
1759004574297 1.0 30
1759004599263 1.0 31
1759004622779 1.0 32
1759004647622 1.0 33
1759004674216 1.0 34
1759004698307 1.0 35
1759004722973 1.0 36
1759004748968 1.0 37
1759004771190 1.0 38
1759004793450 1.0 39
1759004818638 0.9876543209876543 40
1759004841940 1.0 41
1759004867805 1.0 42
1759004892312 1.0 43
1759004916469 0.9876543209876543 44
1759004942246 1.0 45
1759004971352 1.0 46
1759004995397 1.0 47
1759005019510 1.0 48
1759005043583 1.0 49
1759005067609 1.0 50
1759005093021 1.0 51
1759005119425 0.9873417721518988 52
1759005144135 1.0 53
1759005167713 1.0 54
1759005191780 1.0 55
1759005215096 1.0 56
1759005238551 1.0 57
1759005264909 1.0 58
1759005290954 1.0 59
