1759003589589 0.41308472523590856 0
1759003840909 0.36256459299668686 1
1759003906775 0.36727248347447466 2
1759003927389 0.276676110039776 3
1759003948221 0.5480065154794627 4
1759003969212 0.3728747316199199 5
1759003993329 0.4968966201826473 6
1759004015323 0.5068696592509875 7
1759004038460 0.4498913596763739 8
1759004061725 0.6233072438238085 9
1759004085592 0.6616486081571088 10
1759004111807 0.5706515143140038 11
1759004135127 0.6527510920710637 12
1759004158381 0.5453827834442314 13
1759004182342 0.5987944023788101 14
1759004205838 0.6517477211576445 15
1759004232232 0.6333307066317109 16
1759004255857 0.729539368642226 17
1759004279628 0.6713231574557772 18
1759004303630 0.5928031619962579 19
1759004329487 0.5956531524687966 20
1759004352951 0.6433948816569619 21
1759004378993 0.5609651170139516 22
1759004403332 0.6315266626953175 23
1759004426915 0.6491651829169937 24
1759004450849 0.5270388983967037 25
1759004475470 0.16642006354991656 26
1759004499555 0.4118335721897811 27
1759004526617 0.7064993948628187 28
1759004550403 0.509587345862558 29
1759004574405 0.6078961088203233 30
1759004599372 0.5846838226405546 31
1759004622895 0.6418847511104805 32
1759004647734 0.6270262352965599 33
1759004674330 0.6425354094810997 34
1759004698421 0.5465112915362618 35
1759004723090 0.6393658026443565 36
1759004749087 0.3396355596722922 37
1759004771305 0.516006326181499 38
1759004793566 0.6223689328522235 39
1759004818756 0.48250714852849813 40
1759004842063 0.6121855033688253 41
1759004867949 0.6626855041031868 42
1759004892436 0.5250416293277513 43
1759004916595 0.5720637769873068 44
1759004942399 0.5761381199566871 45
1759004971483 0.6329837582717377 46
1759004995531 0.5179440558282982 47
1759005019645 0.6217897154860744 48
1759005043715 0.6892313432517752 49
1759005067746 0.6112324419808347 50
1759005093157 0.5411834341479884 51
1759005119562 0.5763870300776717 52
1759005144274 0.6205486331435939 53
1759005167853 0.4916208010906031 54
1759005191923 0.6183342690267284 55
1759005215240 0.5918226695316624 56
1759005238692 0.5785857374404817 57
1759005265055 0.6318941233043472 58
1759005291115 0.5723774827827128 59
