1759003589606 86.43095246362721 0
1759003840930 88.48889429031101 1
1759003906794 89.35090338784912 2
1759003927409 89.89837610102202 3
1759003948241 89.42295450073497 4
1759003969232 90.04161024109634 5
1759003993350 89.77076750350128 6
1759004015345 90.56622336423719 7
1759004038483 89.6660184960126 8
1759004061748 90.44874243318634 9
1759004085616 90.15677627695406 10
1759004111830 89.99589106103221 11
1759004135151 90.0355336412144 12
1759004158405 90.12031667766242 13
1759004182367 90.44295519520354 14
1759004205863 90.24445293239349 15
1759004232258 90.00486127990555 16
1759004255884 89.9669548711182 17
1759004279654 90.4614743567485 18
1759004303657 90.4716020232184 19
1759004329514 90.63219787724111 20
1759004352978 90.3110061691957 21
1759004379019 90.4658147852356 22
1759004403360 90.74707455119969 23
1759004426942 90.904776786231 24
1759004450881 91.18227484750628 25
1759004475500 91.06913434494253 26
1759004499585 89.96926976631133 27
1759004526648 90.67357662881813 28
1759004550433 90.45771265205968 29
1759004574437 90.51558503188768 30
1759004599403 90.58127018299247 31
1759004622927 90.50024885123327 32
1759004647766 90.31332106438882 33
1759004674361 90.59226593515979 34
1759004698453 89.83529520700951 35
1759004723124 90.69904047594245 36
1759004749121 90.79539798835607 37
1759004771338 90.59573827794947 38
1759004793599 90.47941479449518 39
1759004818790 90.23027419933562 40
1759004842098 89.81098880748173 41
1759004867997 90.66518513374307 42
1759004892472 89.67527807678508 43
1759004916631 89.78668240795398 44
1759004942439 90.37061472041853 45
1759004971521 90.70135537113558 46
1759004995569 90.27512529370233 47
1759005019683 91.2149727421091 48
1759005043754 91.32724515897543 49
1759005067786 90.40475942451705 50
1759005093195 91.56886234475733 51
1759005119601 91.22249615148674 52
1759005144313 90.38652962487123 53
1759005167895 90.54278505040685 54
1759005191963 89.83037605472413 55
1759005215281 90.63104042964454 56
1759005238736 90.29682743613783 57
1759005265097 91.01415558410594 58
1759005291159 91.05264071669156 59
