1759003589598 0.7131452871483095 0
1759003840921 0.5628078285784082 1
1759003906785 0.5211576121221124 2
1759003927399 0.4922757100516551 3
1759003948231 0.47366025124909356 4
1759003969222 0.45652374158264136 5
1759003993339 0.4543928324865798 6
1759004015334 0.4484117273938911 7
1759004038472 0.439894382335306 8
1759004061736 0.4393012847116269 9
1759004085605 0.41968668936635367 10
1759004111818 0.42464724231274215 11
1759004135139 0.41148435987596815 12
1759004158393 0.41184643825775885 13
1759004182355 0.40047115423789903 14
1759004205851 0.4126763982862596 15
1759004232245 0.4304707137496573 16
1759004255871 0.42434255093409406 17
1759004279641 0.398835974733121 18
1759004303644 0.43700107087769235 19
1759004329500 0.41685801040618337 20
1759004352964 0.4078501031007963 21
1759004379006 0.4291543198880498 22
1759004403346 0.40616760571338495 23
1759004426929 0.43003725247824115 24
1759004450864 0.4146970721088022 25
1759004475486 0.40138568620559656 26
1759004499570 0.4203087582004136 27
1759004526633 0.42007699783218816 28
1759004550419 0.4078393693121702 29
1759004574421 0.4352382363674136 30
1759004599387 0.4314777337787328 31
1759004622911 0.42434150543357074 32
1759004647750 0.43347415869921896 33
1759004674345 0.4258614346246166 34
1759004698437 0.5167423677498354 35
1759004723107 0.423985916899681 36
1759004749104 0.41290803350991123 37
1759004771321 0.45407710666138745 38
1759004793582 0.4406962548587816 39
1759004818773 0.4492022731645287 40
1759004842081 0.46834126031979123 41
1759004867973 0.46015877919543224 42
1759004892454 0.447613048989205 43
1759004916614 0.4906331334707189 44
1759004942418 0.45025552189132817 45
1759004971502 0.4450508245602854 46
1759004995550 0.4736765655487586 47
1759005019664 0.446993722959413 48
1759005043734 0.43830721508069137 49
1759005067766 0.4666656159121905 50
1759005093176 0.428532998227122 51
1759005119581 0.4713785996735398 52
1759005144294 0.4833647805791029 53
1759005167873 0.4518562842214144 54
1759005191943 0.47388760520322076 55
1759005215261 0.5053898272555563 56
1759005238713 0.5192632322682551 57
1759005265076 0.4424212426056275 58
1759005291137 0.44383005663877595 59
