1758919320938 0.036685641998734975 0
1758919346964 0.6338028169014085 1
1758919372760 0.6455696202531646 2
1758919402018 0.6292134831460674 3
1758919428473 0.03994583615436696 4
1758919454111 0.5339805825242718 5
1758919479775 0.8214285714285714 6
1758919505299 0.29842931937172773 7
1758919531980 0.030761209593326382 8
1758919558275 0.3493975903614458 9
1758919584126 0.291005291005291 10
1758919611260 0.704225352112676 11
1758919636430 0.5098039215686274 12
1758919658365 0.5670103092783505 13
1758919683249 0.5609756097560976 14
