1758919320916 0.0773975791433892 0
1758919346931 0.06378359602275194 1
1758919372729 0.1236411759145477 2
1758919401985 0.18191603875134554 3
1758919428432 0.09095751764549208 4
1758919454072 0.10618301731244847 5
1758919479739 0.23994697304463103 6
1758919505265 0.4423897581792319 7
1758919531944 0.0715689733380374 8
1758919558237 0.24373920552677028 9
1758919584091 0.10599721059972106 10
1758919611206 0.21579242113123018 11
1758919636394 0.07696439121327676 12
1758919658326 0.1247743039057303 13
1758919683208 0.08289592760180996 14
