1758919320931 0.14061426230374796 0
1758919346952 0.11863996123404942 1
1758919372750 0.2124756335282651 2
1758919402008 0.2872753763963089 3
1758919428460 0.16309474061250073 4
1758919454100 0.18581836543316743 5
1758919479764 0.34702029078127494 6
1758919505288 0.48568453930244665 7
1758919531969 0.13163993696115694 8
1758919558263 0.35475255302435194 9
1758919584114 0.1868980121593005 10
1758919611245 0.32609308885754584 11
1758919636418 0.14082154088050314 12
1758919658353 0.21426240208877284 13
1758919683234 0.1500983176753332 14
