1758919320923 0.7674552798615119 0
1758919346942 0.847663012117715 1
1758919372741 0.7547605308713214 2
1758919401997 0.6826312752452395 3
1758919428446 0.7882285054818234 4
1758919454085 0.7432198499711483 5
1758919479750 0.6266589728793999 6
1758919505275 0.5383727639930755 7
1758919531955 0.8193883439122909 8
1758919558248 0.651471436814772 9
1758919584102 0.7893825735718407 10
1758919611225 0.6670513560300058 11
1758919636406 0.8268897864974033 12
1758919658340 0.7576457010963646 13
1758919683221 0.7928447778418927 14
