1758919320954 0.07068860450944546 0
1758919346986 0.6870229007633588 1
1758919372779 0.7338129496402878 2
1758919402039 0.7516778523489933 3
1758919428494 0.07677293428757319 4
1758919454132 0.6748466257668712 5
1758919479795 0.7931034482758621 6
1758919505319 0.4541832669322709 7
1758919532001 0.05965621840242669 8
1758919558299 0.5132743362831859 9
1758919584148 0.44176706827309237 10
1758919611284 0.7633587786259542 11
1758919636453 0.6419753086419753 12
1758919658388 0.7006369426751592 13
1758919683273 0.647887323943662 14
