1758919321077 0.2422605733626387 0
1758919347083 0.3753021426666129 1
1758919372887 0.42562135299734694 2
1758919402143 0.555159066801692 3
1758919428603 0.2978874764602213 4
1758919454245 0.5477427543375687 5
1758919479902 0.5921463193458973 6
1758919505442 0.5207116564850388 7
1758919532129 0.3172876322160604 8
1758919558413 0.6041936131556251 9
1758919584272 0.6023287607673297 10
1758919611404 0.6245570401633667 11
1758919636567 0.5593762713129464 12
1758919658509 0.6844724062662192 13
1758919683404 0.40315006488854654 14
