1758919321092 0.7058922779806717 0
1758919347093 0.5602033811264361 1
1758919372899 0.5070980329208801 2
1758919402153 0.4779303499500491 3
1758919428613 0.4587075647359921 4
1758919454255 0.4511950550381853 5
1758919479914 0.44447156894275125 6
1758919505453 0.4364013463138016 7
1758919532140 0.42499092581699155 8
1758919558426 0.42494397879608353 9
1758919584288 0.40701051239577485 10
1758919611416 0.4114077726659727 11
1758919636579 0.4113233395343155 12
1758919658521 0.40458822775123365 13
1758919683416 0.42308464161756326 14
