1758919321108 87.63730222114194 0
1758919347102 89.33180550250587 1
1758919372908 89.27335439887959 2
1758919402163 89.67209509589453 3
1758919428623 89.73633343750362 4
1758919454265 89.89461439633321 5
1758919479925 89.85207819715963 6
1758919505464 89.66659721981087 7
1758919532151 90.07083579290948 8
1758919558437 89.49066518513375 9
1758919584301 90.87150016782991 10
1758919611427 90.2221720661597 11
1758919636590 90.21117631399238 12
1758919658533 89.89837610102202 13
1758919683430 90.14722733428243 14
