1758921294621 0.06991140763425571 0
1758921376720 0.13719922283664623 1
1758921458057 0.2616216216216216 2
1758921541057 0.23079945000982124 3
1758921624826 0.12872047333002123 4
1758921711161 0.14877766127697148 5
1758921794068 0.3850574712643678 6
1758921876682 0.24976308307886702 7
1758921958504 0.21814235326037804 8
1758922042263 0.2469775474956822 9
1758922124658 0.22992065028062705 10
1758922210681 0.16385512279831307 11
1758922293836 0.1663110406632933 12
1758922377004 0.2006829524560021 13
