1758921294607 0.03633304533672866 0
1758921376700 0.07508178844056707 1
1758921458029 0.1652002427184466 2
1758921541036 0.13906971239199906 3
1758921624804 0.06982555860446883 4
1758921711134 0.08225530876250915 5
1758921794046 0.2988212806626314 6
1758921876659 0.15275631117980423 7
1758921958481 0.12934362934362933 8
1758922042239 0.1519054574425707 9
1758922124634 0.13812347401464947 10
1758922210657 0.09179348203738448 11
1758922293810 0.09297886843899114 12
1758922376976 0.11829066886870356 13
