1758921294644 0.2627118644067797 0
1758921376748 0.5766871165644172 1
1758921458088 0.1475054229934924 2
1758921541089 0.6040268456375839 3
1758921624862 0.44047619047619047 4
1758921711199 0.416988416988417 5
1758921794101 0.36619718309859156 6
1758921876719 0.20948616600790515 7
1758921958539 0.45535714285714285 8
1758922042299 0.6727272727272727 9
1758922124695 0.24022346368715083 10
1758922210716 0.24932249322493225 11
1758922293872 0.5583756345177665 12
1758922377042 0.09515859766277128 13
