1759006843515 0.0 0
1759006873715 0.0 1
1759006905333 0.03225806451612903 2
1759006936376 0.6470588235294118 3
1759006968485 0.9 4
1759007000563 0.6666666666666666 5
1759007032207 0.23121387283236994 6
1759007065061 0.7916666666666666 7
1759007098567 0.9230769230769231 8
1759007128969 0.9743589743589743 9
1759007157816 1.0 10
1759007188437 0.8947368421052632 11
1759007218484 1.0 12
1759007249075 0.2777777777777778 13
1759007281202 0.9302325581395349 14
1759007313377 0.9473684210526315 15
1759007345042 0.95 16
1759007377456 0.8888888888888888 17
1759007410354 0.851063829787234 18
1759007442660 1.0 19
1759007475729 1.0 20
1759007508910 1.0 21
1759007541231 0.926829268292683 22
1759007570583 0.9743589743589743 23
1759007603320 1.0 24
1759007635659 1.0 25
1759007668578 0.018256503879507075 26
1759007701213 0.8717948717948718 27
1759007733191 0.8717948717948718 28
1759007765567 0.8333333333333334 29
1759007798550 1.0 30
1759007831046 0.918918918918919 31
1759007863621 0.4318181818181818 32
1759007894860 0.85 33
1759007927043 0.8888888888888888 34
1759007959756 0.8085106382978723 35
1759007991734 1.0 36
1759008023812 0.9090909090909091 37
1759008055898 0.918918918918919 38
1759008088208 0.33613445378151263 39
1759008120705 0.9090909090909091 40
1759008152891 1.0 41
1759008185416 0.975609756097561 42
1759008217704 0.6666666666666666 43
1759008249783 0.9743589743589743 44
1759008280922 0.043010752688172046 45
1759008314509 0.926829268292683 46
1759008346645 1.0 47
1759008378946 1.0 48
1759008411695 1.0 49
1759008443779 0.975609756097561 50
1759008475951 1.0 51
1759008508508 0.975609756097561 52
1759008541349 0.7096774193548387 53
1759008573452 1.0 54
1759008606326 0.9302325581395349 55
1759008635808 1.0 56
1759008668506 1.0 57
1759008702208 0.975609756097561 58
1759008735581 0.975609756097561 59
