1759006843409 0.7691863819965378 0
1759006873590 0.7207155222158107 1
1759006905205 0.7934218118869013 2
1759006936231 0.7247547605308713 3
1759006968355 0.7386035776110791 4
1759007000427 0.5268320830929025 5
1759007032070 0.8009232544720138 6
1759007064924 0.7864974033467974 7
1759007098427 0.8268897864974033 8
1759007128828 0.9036353144835545 9
1759007157665 0.6370455856895557 10
1759007188292 0.7651471436814772 11
1759007218333 0.8101557991921523 12
1759007248927 0.5701096364685516 13
1759007281034 0.5926139642238892 14
1759007313213 0.7697634160415464 15
1759007344878 0.6618580496249279 16
1759007377289 0.8972879399884593 17
1759007410187 0.6895556837853434 18
1759007442490 0.6814772071552222 19
1759007475560 0.7022504327755338 20
1759007508734 0.7628390075014426 21
1759007541050 0.79399884593191 22
1759007570403 0.7726485862665897 23
1759007603137 0.7766878245816503 24
1759007635474 0.6503173687247548 25
1759007668390 0.6826312752452395 26
1759007701023 0.7391806116560877 27
1759007733001 0.7247547605308713 28
1759007765376 0.7593768032313907 29
1759007798345 0.7426428159261397 30
1759007830846 0.8869013271783035 31
1759007863419 0.7022504327755338 32
1759007894655 0.6335833814195038 33
1759007926835 0.742065781881131 34
1759007959542 0.676860934795153 35
1759007991522 0.8211194460473168 36
1759008023599 0.6751298326601269 37
1759008055679 0.7143681477207156 38
1759008087988 0.6860934795152914 39
1759008120482 0.710328909405655 40
1759008152667 0.5954991344489324 41
1759008185192 0.8182342758222735 42
1759008217476 0.619734564339296 43
1759008249551 0.8009232544720138 44
1759008280685 0.7761107905366417 45
1759008314277 0.5672244662435084 46
1759008346394 0.7714945181765724 47
1759008378702 0.7357184073860358 48
1759008411450 0.7074437391806117 49
1759008443536 0.7559145989613387 50
1759008475702 0.7357184073860358 51
1759008508252 0.7461050201961916 52
1759008541094 0.7287939988459319 53
1759008573193 0.7062896710905944 54
1759008606071 0.710328909405655 55
1759008635545 0.7045585689555683 56
1759008668240 0.6272360069244085 57
1759008701940 0.7189844200807848 58
1759008735306 0.7484131563762262 59
