1759006843416 0.15518044237485448 0
1759006873600 0.26352990821816646 1
1759006905215 0.19207934623175246 2
1759006936241 0.3093977090774726 3
1759006968365 0.2582988598526889 4
1759007000437 0.5297360023208587 5
1759007032080 0.1912240821106289 6
1759007064935 0.21154741580009312 7
1759007098437 0.16014751899865892 8
1759007128838 0.14125287511838722 9
1759007157676 0.29765435427338904 10
1759007188303 0.2568274259151656 11
1759007218344 0.19458111011017948 12
1759007248938 0.4695817490494297 13
1759007281046 0.3216410898841215 14
1759007313225 0.19748334566987416 15
1759007344890 0.33212682785579845 16
1759007377301 0.1001384550986895 17
1759007410200 0.32136614226166466 18
1759007442503 0.295286910863858 19
1759007475573 0.2838483965014577 20
1759007508748 0.285282693137678 21
1759007541064 0.2100603007404015 22
1759007570416 0.2367188190577212 23
1759007603151 0.2534601261651445 24
1759007635488 0.33289026731649685 25
1759007668404 0.39744666554678315 26
1759007701037 0.2497076023391813 27
1759007733017 0.267177196341204 28
1759007765390 0.24910088964603444 29
1759007798360 0.27552986512524086 30
1759007830862 0.10933276426234173 31
1759007863434 0.2662437103478451 32
1759007894671 0.2859747362937883 33
1759007926851 0.180986559707269 34
1759007959559 0.3006535947712418 35
1759007991538 0.14819057537099714 36
1759008023616 0.29567854435178165 37
1759008055697 0.25175394001016776 38
1759008088004 0.294890873015873 39
1759008120499 0.29520383693045565 40
1759008152684 0.2684703433922997 41
1759008185210 0.18665262603659338 42
1759008217493 0.35398813447593935 43
1759008249568 0.21057422437988318 44
1759008280703 0.20308017514721424 45
1759008314295 0.3939879759519038 46
1759008346418 0.261592643318333 47
1759008378720 0.2709595154606312 48
1759008411469 0.29520828316879366 49
1759008443554 0.26849764295962286 50
1759008475721 0.2572379703419752 51
1759008508272 0.30213810024535576 52
1759008541113 0.32376313765701104 53
1759008573213 0.2892591279688054 54
1759008606091 0.2915334517465956 55
1759008635565 0.3127962085308057 56
1759008668261 0.28200804254767153 57
1759008701960 0.28225167063087553 58
1759008735328 0.20164800995024876 59
