1759006843488 0.0 0
1759006873686 0.0 1
1759006905302 0.0 2
1759006936328 0.0 3
1759006968455 0.0 4
1759007000532 0.0 5
1759007032175 0.0 6
1759007065030 0.13793103448275862 7
1759007098535 0.2962962962962963 8
1759007128936 0.4 9
1759007157781 0.012715712988192553 10
1759007188403 0.34285714285714286 11
1759007218450 0.2978723404255319 12
1759007249041 0.0026360676073809894 13
1759007281163 0.3333333333333333 14
1759007313338 0.47619047619047616 15
1759007345005 0.37209302325581395 16
1759007377418 0.35714285714285715 17
1759007410315 0.03862660944206009 18
1759007442621 0.30303030303030304 19
1759007475691 0.5230769230769231 20
1759007508869 0.3902439024390244 21
1759007541189 0.26666666666666666 22
1759007570541 0.17647058823529413 23
1759007603276 0.358974358974359 24
1759007635617 0.2857142857142857 25
1759007668535 0.16822429906542055 26
1759007701169 0.37623762376237624 27
1759007733147 0.27419354838709675 28
1759007765524 0.25 29
1759007798503 0.43243243243243246 30
1759007831000 0.39436619718309857 31
1759007863574 0.36363636363636365 32
1759007894812 0.3018867924528302 33
1759007926994 0.43243243243243246 34
1759007959706 0.25225225225225223 35
1759007991685 0.46153846153846156 36
1759008023763 0.00390063641962636 37
1759008055847 0.36363636363636365 38
1759008088157 0.30952380952380953 39
1759008120654 0.5 40
1759008152839 0.4225352112676056 41
1759008185364 0.2677165354330709 42
1759008217652 0.09523809523809523 43
1759008249729 0.5263157894736842 44
1759008280868 0.2909090909090909 45
1759008314454 0.0 46
1759008346591 0.5 47
1759008378890 0.5238095238095238 48
1759008411639 0.35443037974683544 49
1759008443723 0.4 50
1759008475893 0.3870967741935484 51
1759008508449 0.4918032786885246 52
1759008541290 0.375 53
1759008573393 0.43478260869565216 54
1759008606268 0.5 55
1759008635747 0.37894736842105264 56
1759008668445 0.5384615384615384 57
1759008702147 0.2057142857142857 58
1759008735518 0.35714285714285715 59
