1759006843424 0.5806451612903226 0
1759006873609 0.5319148936170213 1
1759006905224 0.11380145278450363 2
1759006936251 0.6470588235294118 3
1759006968375 0.6455696202531646 4
1759007000447 0.42342342342342343 5
1759007032090 0.42735042735042733 6
1759007064945 0.11860940695296524 7
1759007098448 0.08180535966149506 8
1759007128849 0.703125 9
1759007157688 0.37410071942446044 10
1759007188314 0.21705426356589147 11
1759007218356 0.6461538461538462 12
1759007248949 0.5595238095238095 13
1759007281059 0.6571428571428571 14
1759007313238 0.3484848484848485 15
1759007344903 0.4727272727272727 16
1759007377313 0.20676691729323307 17
1759007410213 0.43478260869565216 18
1759007442516 0.7457627118644068 19
1759007475586 0.6666666666666666 20
1759007508761 0.3271604938271605 21
1759007541078 0.31176470588235294 22
1759007570430 0.6296296296296297 23
1759007603165 0.46846846846846846 24
1759007635502 0.40458015267175573 25
1759007668418 0.24166666666666667 26
1759007701052 0.1432225063938619 27
1759007733031 0.1758957654723127 28
1759007765406 0.7241379310344828 29
1759007798375 0.6710526315789473 30
1759007830878 0.5882352941176471 31
1759007863449 0.11711711711711711 32
1759007894686 0.5679012345679012 33
1759007926866 0.5465116279069767 34
1759007959575 0.13380281690140844 35
1759007991555 0.84 36
1759008023632 0.7931034482758621 37
1759008055715 0.6388888888888888 38
1759008088021 0.33766233766233766 39
1759008120516 0.3146067415730337 40
1759008152703 0.4 41
1759008185227 0.54 42
1759008217511 0.6410256410256411 43
1759008249586 0.6883116883116883 44
1759008280722 0.24285714285714285 45
1759008314312 0.18685121107266436 46
1759008346439 0.6891891891891891 47
1759008378739 0.4830508474576271 48
1759008411488 0.4307692307692308 49
1759008443573 0.504424778761062 50
1759008475739 0.3522012578616352 51
1759008508292 0.6111111111111112 52
1759008541133 0.5473684210526316 53
1759008573233 0.8793103448275862 54
1759008606111 0.7066666666666667 55
1759008635585 0.8771929824561403 56
1759008668281 0.22764227642276422 57
1759008701981 0.6753246753246753 58
1759008735350 0.2751322751322751 59
