1759006843446 1.0 0
1759006873638 1.0 1
1759006905254 1.0 2
1759006936279 1.0 3
1759006968404 1.0 4
1759007000478 1.0 5
1759007032121 1.0 6
1759007064977 1.0 7
1759007098481 1.0 8
1759007128882 1.0 9
1759007157722 1.0 10
1759007188347 0.9302325581395349 11
1759007218391 1.0 12
1759007248984 1.0 13
1759007281099 1.0 14
1759007313275 0.9302325581395349 15
1759007344941 0.975609756097561 16
1759007377353 0.9523809523809523 17
1759007410251 1.0 18
1759007442554 1.0 19
1759007475626 1.0 20
1759007508801 1.0 21
1759007541120 1.0 22
1759007570471 0.975 23
1759007603206 1.0 24
1759007635545 1.0 25
1759007668461 1.0 26
1759007701096 0.9302325581395349 27
1759007733074 1.0 28
1759007765450 1.0 29
1759007798423 1.0 30
1759007830923 1.0 31
1759007863496 0.9523809523809523 32
1759007894733 1.0 33
1759007926914 1.0 34
1759007959624 0.9512195121951219 35
1759007991604 1.0 36
1759008023681 1.0 37
1759008055763 0.9523809523809523 38
1759008088072 1.0 39
1759008120568 1.0 40
1759008152754 1.0 41
1759008185279 1.0 42
1759008217564 0.9523809523809523 43
1759008249639 1.0 44
1759008280776 0.7843137254901961 45
1759008314365 0.975609756097561 46
1759008346494 1.0 47
1759008378796 1.0 48
1759008411545 1.0 49
1759008443629 1.0 50
1759008475796 1.0 51
1759008508351 1.0 52
1759008541191 1.0 53
1759008573293 1.0 54
1759008606171 1.0 55
1759008635646 1.0 56
1759008668343 1.0 57
1759008702044 1.0 58
1759008735413 1.0 59
