1759006843470 0.0 0
1759006873666 0.0 1
1759006905282 0.0 2
1759006936308 0.0 3
1759006968435 0.0 4
1759007000511 0.0 5
1759007032152 0.0 6
1759007065009 0.2222222222222222 7
1759007098513 0.5714285714285714 8
1759007128915 0.3 9
1759007157758 0.006416131989000917 10
1759007188380 0.24 11
1759007218426 0.1891891891891892 12
1759007249019 0.0013200807578816586 13
1759007281138 0.375 14
1759007313314 0.3488372093023256 15
1759007344980 0.24242424242424243 16
1759007377392 0.2777777777777778 17
1759007410289 0.019736842105263157 18
1759007442594 0.189873417721519 19
1759007475666 0.37777777777777777 20
1759007508842 0.25806451612903225 21
1759007541162 0.1565217391304348 22
1759007570513 0.09782608695652174 23
1759007603248 0.2413793103448276 24
1759007635589 0.17391304347826086 25
1759007668505 0.09278350515463918 26
1759007701140 0.2345679012345679 27
1759007733118 0.16346153846153846 28
1759007765494 0.3333333333333333 29
1759007798471 0.2962962962962963 30
1759007830969 0.27450980392156865 31
1759007863542 0.22784810126582278 32
1759007894780 0.24242424242424243 33
1759007926962 0.2962962962962963 34
1759007959673 0.15384615384615385 35
1759007991653 0.47368421052631576 36
1759008023730 0.0019543303846945074 37
1759008055813 0.23529411764705882 38
1759008088123 0.203125 39
1759008120619 0.34615384615384615 40
1759008152805 0.29411764705882354 41
1759008185329 0.1588785046728972 42
1759008217616 1.0 43
1759008249693 0.40540540540540543 44
1759008280832 0.17777777777777778 45
1759008314418 0.0 46
1759008346552 0.36363636363636365 47
1759008378853 0.5 48
1759008411602 0.23728813559322035 49
1759008443685 0.26153846153846155 50
1759008475853 0.2465753424657534 51
1759008508410 0.36585365853658536 52
1759008541251 0.25 53
1759008573353 0.30612244897959184 54
1759008606229 0.3888888888888889 55
1759008635707 0.24 56
1759008668405 0.4375 57
1759008702106 0.11612903225806452 58
1759008735476 0.234375 59
