1759006843399 0.08629507347705057 0
1759006873581 0.16124451329718564 1
1759006905196 0.10926573426573427 2
1759006936221 0.19668023802067022 3
1759006968344 0.15651748593788212 4
1759007000416 0.5326721120186698 5
1759007032059 0.10857321652065081 6
1759007064913 0.12220927104814848 7
1759007098415 0.08865928354884613 8
1759007128817 0.07661448140900196 9
1759007157653 0.1941952506596306 10
1759007188280 0.15431164901664146 11
1759007218321 0.11056859347928807 12
1759007248915 0.3991919191919192 13
1759007281022 0.2207178164624973 14
1759007313201 0.11327163114545301 15
1759007344865 0.22168534982605334 16
1759007377275 0.05302823625699086 17
1759007410174 0.20950210378681627 18
1759007442477 0.1884774976061283 19
1759007475546 0.1778719672610348 20
1759007508720 0.1754479097544791 21
1759007541036 0.12104152005629838 22
1759007570390 0.13977035490605427 23
1759007603123 0.15144014401440145 24
1759007635459 0.22369988090512108 25
1759007668375 0.28033175355450235 26
1759007701008 0.15022868535241 27
1759007732986 0.1637762420133003 28
1759007765361 0.14898675421714028 29
1759007798328 0.16914180575634116 30
1759007830831 0.058257211082894285 31
1759007863403 0.1642596841679039 32
1759007894640 0.1846619576185671 33
1759007926819 0.1030613880429556 34
1759007959526 0.19324546952224053 35
1759007991506 0.08144459706959707 36
1759008023583 0.18928975893868305 37
1759008055662 0.15280177733892866 38
1759008087971 0.18780603380192704 39
1759008120465 0.18631754200090814 40
1759008152649 0.17329974811083124 41
1759008185174 0.10534135651140332 42
1759008217458 0.2477508650519031 43
1759008249533 0.12122270742358078 44
1759008280667 0.11682445930687049 45
1759008314258 0.30181148295977894 46
1759008346368 0.15749793850865826 47
1759008378682 0.16605886949726492 48
1759008411431 0.1865206146356306 49
1759008443517 0.1632398753894081 50
1759008475683 0.1558679706601467 51
1759008508232 0.18942279519484326 52
1759008541075 0.20810677212061296 53
1759008573173 0.18187221396731054 54
1759008606051 0.18340286054827176 55
1759008635525 0.20102074415541654 56
1759008668220 0.1818942436412316 57
1759008701919 0.17559188275084556 58
1759008735282 0.11652142664630312 59
