1759006843480 0.0 0
1759006873676 0.0 1
1759006905292 0.0 2
1759006936318 0.0 3
1759006968445 0.0 4
1759007000521 0.0 5
1759007032165 0.0 6
1759007065019 0.1 7
1759007098524 0.2 8
1759007128926 0.6 9
1759007157769 0.7 10
1759007188391 0.6 11
1759007218438 0.7 12
1759007249030 0.85 13
1759007281151 0.3 14
1759007313326 0.75 15
1759007344992 0.8 16
1759007377405 0.5 17
1759007410302 0.9 18
1759007442607 0.75 19
1759007475679 0.85 20
1759007508856 0.8 21
1759007541176 0.9 22
1759007570527 0.9 23
1759007603262 0.7 24
1759007635603 0.8 25
1759007668520 0.9 26
1759007701155 0.95 27
1759007733133 0.85 28
1759007765509 0.2 29
1759007798487 0.8 30
1759007830985 0.7 31
1759007863558 0.9 32
1759007894796 0.4 33
1759007926978 0.8 34
1759007959689 0.7 35
1759007991669 0.45 36
1759008023747 0.95 37
1759008055830 0.8 38
1759008088140 0.65 39
1759008120637 0.9 40
1759008152822 0.75 41
1759008185346 0.85 42
1759008217634 0.05 43
1759008249711 0.75 44
1759008280850 0.8 45
1759008314436 0.0 46
1759008346572 0.8 47
1759008378872 0.55 48
1759008411621 0.7 49
1759008443704 0.85 50
1759008475873 0.9 51
1759008508429 0.75 52
1759008541271 0.75 53
1759008573373 0.75 54
1759008606249 0.7 55
1759008635727 0.9 56
1759008668425 0.7 57
1759008702126 0.9 58
1759008735497 0.75 59
