1759006843454 1.0 0
1759006873647 1.0 1
1759006905263 1.0 2
1759006936289 1.0 3
1759006968414 1.0 4
1759007000488 1.0 5
1759007032131 1.0 6
1759007064987 1.0 7
1759007098491 1.0 8
1759007128893 1.0 9
1759007157733 1.0 10
1759007188357 1.0 11
1759007218402 1.0 12
1759007248996 1.0 13
1759007281112 1.0 14
1759007313288 1.0 15
1759007344954 1.0 16
1759007377366 1.0 17
1759007410264 1.0 18
1759007442568 0.975 19
1759007475639 0.95 20
1759007508815 1.0 21
1759007541134 1.0 22
1759007570484 0.975 23
1759007603220 0.975 24
1759007635560 0.975 25
1759007668476 0.975 26
1759007701110 1.0 27
1759007733089 1.0 28
1759007765465 0.975 29
1759007798440 0.975 30
1759007830939 1.0 31
1759007863512 1.0 32
1759007894749 0.975 33
1759007926931 1.0 34
1759007959640 0.975 35
1759007991620 1.0 36
1759008023697 0.95 37
1759008055780 1.0 38
1759008088089 1.0 39
1759008120585 1.0 40
1759008152771 0.975 41
1759008185296 0.975 42
1759008217581 1.0 43
1759008249657 0.975 44
1759008280795 1.0 45
1759008314382 1.0 46
1759008346512 0.975 47
1759008378815 1.0 48
1759008411564 0.975 49
1759008443647 0.975 50
1759008475815 0.975 51
1759008508371 1.0 52
1759008541211 0.95 53
1759008573313 1.0 54
1759008606190 1.0 55
1759008635667 1.0 56
1759008668364 1.0 57
1759008702065 1.0 58
1759008735434 1.0 59
