1759006843431 0.6 0
1759006873619 0.8333333333333334 1
1759006905234 0.7833333333333333 2
1759006936260 0.7333333333333333 3
1759006968385 0.85 4
1759007000458 0.7833333333333333 5
1759007032100 0.8333333333333334 6
1759007064956 0.9666666666666667 7
1759007098459 0.9666666666666667 8
1759007128859 0.75 9
1759007157699 0.8666666666666667 10
1759007188325 0.9333333333333333 11
1759007218368 0.7 12
1759007248961 0.7833333333333333 13
1759007281073 0.7666666666666667 14
1759007313251 0.7666666666666667 15
1759007344915 0.8666666666666667 16
1759007377328 0.9166666666666666 17
1759007410226 0.8333333333333334 18
1759007442529 0.7333333333333333 19
1759007475600 0.8 20
1759007508775 0.8833333333333333 21
1759007541092 0.8833333333333333 22
1759007570443 0.85 23
1759007603179 0.8666666666666667 24
1759007635517 0.8833333333333333 25
1759007668432 0.9666666666666667 26
1759007701066 0.9333333333333333 27
1759007733045 0.9 28
1759007765421 0.7 29
1759007798391 0.85 30
1759007830892 0.8333333333333334 31
1759007863465 0.8666666666666667 32
1759007894702 0.7666666666666667 33
1759007926882 0.7833333333333333 34
1759007959591 0.95 35
1759007991571 0.7 36
1759008023648 0.7666666666666667 37
1759008055731 0.7666666666666667 38
1759008088038 0.8666666666666667 39
1759008120533 0.9333333333333333 40
1759008152720 0.9 41
1759008185244 0.9 42
1759008217528 0.8333333333333334 43
1759008249603 0.8833333333333333 44
1759008280740 0.85 45
1759008314329 0.9 46
1759008346458 0.85 47
1759008378758 0.95 48
1759008411507 0.9333333333333333 49
1759008443591 0.95 50
1759008475758 0.9333333333333333 51
1759008508311 0.9166666666666666 52
1759008541152 0.8666666666666667 53
1759008573253 0.85 54
1759008606131 0.8833333333333333 55
1759008635606 0.8333333333333334 56
1759008668302 0.9333333333333333 57
1759008702002 0.8666666666666667 58
1759008735371 0.8666666666666667 59
