1759006843505 0.0 0
1759006873705 0.0 1
1759006905323 0.1 2
1759006936356 0.55 3
1759006968474 0.9 4
1759007000552 0.5 5
1759007032196 1.0 6
1759007065051 0.95 7
1759007098557 0.9 8
1759007128958 0.95 9
1759007157804 1.0 10
1759007188425 0.85 11
1759007218473 1.0 12
1759007249064 1.0 13
1759007281190 1.0 14
1759007313363 0.9 15
1759007345030 0.95 16
1759007377444 0.8 17
1759007410341 1.0 18
1759007442647 1.0 19
1759007475717 1.0 20
1759007508897 1.0 21
1759007541218 0.95 22
1759007570569 0.95 23
1759007603305 1.0 24
1759007635645 1.0 25
1759007668563 1.0 26
1759007701198 0.85 27
1759007733176 0.85 28
1759007765553 1.0 29
1759007798535 1.0 30
1759007831031 0.85 31
1759007863605 0.95 32
1759007894844 0.85 33
1759007927027 1.0 34
1759007959739 0.95 35
1759007991718 1.0 36
1759008023795 1.0 37
1759008055881 0.85 38
1759008088192 1.0 39
1759008120688 1.0 40
1759008152873 1.0 41
1759008185398 1.0 42
1759008217687 0.9 43
1759008249765 0.95 44
1759008280904 1.0 45
1759008314490 0.95 46
1759008346627 1.0 47
1759008378927 1.0 48
1759008411677 1.0 49
1759008443760 1.0 50
1759008475932 1.0 51
1759008508488 1.0 52
1759008541330 0.55 53
1759008573432 1.0 54
1759008606306 1.0 55
1759008635787 1.0 56
1759008668485 1.0 57
1759008702188 1.0 58
1759008735560 1.0 59
