1759006843497 0.0 0
1759006873695 0.0 1
1759006905312 0.019230769230769232 2
1759006936338 0.7857142857142857 3
1759006968465 0.9 4
1759007000542 1.0 5
1759007032186 0.13071895424836602 6
1759007065040 0.6785714285714286 7
1759007098546 0.9473684210526315 8
1759007128947 1.0 9
1759007157792 1.0 10
1759007188414 0.9444444444444444 11
1759007218461 1.0 12
1759007249053 0.16129032258064516 13
1759007281176 0.8695652173913043 14
1759007313351 1.0 15
1759007345018 0.95 16
1759007377431 1.0 17
1759007410328 0.7407407407407407 18
1759007442634 1.0 19
1759007475704 1.0 20
1759007508883 1.0 21
1759007541204 0.9047619047619048 22
1759007570555 1.0 23
1759007603290 1.0 24
1759007635631 1.0 25
1759007668549 0.009212344541685858 26
1759007701184 0.8947368421052632 27
1759007733162 0.8947368421052632 28
1759007765538 0.7142857142857143 29
1759007798519 1.0 30
1759007831016 1.0 31
1759007863590 0.27941176470588236 32
1759007894828 0.85 33
1759007927010 0.8 34
1759007959723 0.7037037037037037 35
1759007991702 1.0 36
1759008023779 0.8333333333333334 37
1759008055864 1.0 38
1759008088174 0.20202020202020202 39
1759008120671 0.8333333333333334 40
1759008152856 1.0 41
1759008185381 0.9523809523809523 42
1759008217669 0.5294117647058824 43
1759008249747 1.0 44
1759008280886 0.02197802197802198 45
1759008314472 0.9047619047619048 46
1759008346609 1.0 47
1759008378908 1.0 48
1759008411658 1.0 49
1759008443742 0.9523809523809523 50
1759008475912 1.0 51
1759008508469 0.9523809523809523 52
1759008541310 1.0 53
1759008573413 1.0 54
1759008606287 0.8695652173913043 55
1759008635767 1.0 56
1759008668465 1.0 57
1759008702167 0.9523809523809523 58
1759008735539 0.9523809523809523 59
