1759006843462 1.0 0
1759006873657 1.0 1
1759006905272 1.0 2
1759006936298 1.0 3
1759006968424 1.0 4
1759007000499 1.0 5
1759007032142 1.0 6
1759007064998 1.0 7
1759007098502 1.0 8
1759007128905 1.0 9
1759007157745 1.0 10
1759007188369 0.963855421686747 11
1759007218414 1.0 12
1759007249008 1.0 13
1759007281125 1.0 14
1759007313301 0.963855421686747 15
1759007344968 0.9876543209876543 16
1759007377379 0.975609756097561 17
1759007410277 1.0 18
1759007442581 0.9873417721518988 19
1759007475653 0.9743589743589743 20
1759007508828 1.0 21
1759007541148 1.0 22
1759007570499 0.975 23
1759007603234 0.9873417721518988 24
1759007635575 0.9873417721518988 25
1759007668491 0.9873417721518988 26
1759007701125 0.963855421686747 27
1759007733104 1.0 28
1759007765480 0.9873417721518988 29
1759007798456 0.9873417721518988 30
1759007830954 1.0 31
1759007863527 0.975609756097561 32
1759007894764 0.9873417721518988 33
1759007926947 1.0 34
1759007959657 0.9629629629629629 35
1759007991637 1.0 36
1759008023713 0.9743589743589743 37
1759008055797 0.975609756097561 38
1759008088106 1.0 39
1759008120602 1.0 40
1759008152789 0.9873417721518988 41
1759008185313 0.9873417721518988 42
1759008217599 0.975609756097561 43
1759008249675 0.9873417721518988 44
1759008280814 0.8791208791208791 45
1759008314400 0.9876543209876543 46
1759008346532 0.9873417721518988 47
1759008378834 1.0 48
1759008411582 0.9873417721518988 49
1759008443666 0.9873417721518988 50
1759008475834 0.9873417721518988 51
1759008508390 1.0 52
1759008541231 0.9743589743589743 53
1759008573333 1.0 54
1759008606209 1.0 55
1759008635687 1.0 56
1759008668384 1.0 57
1759008702085 1.0 58
1759008735455 1.0 59
