1759006843438 0.5901639344262295 0
1759006873629 0.6493506493506493 1
1759006905244 0.19873150105708245 2
1759006936270 0.6875 3
1759006968395 0.7338129496402878 4
1759007000468 0.5497076023391813 5
1759007032110 0.5649717514124294 6
1759007064967 0.21129326047358835 7
1759007098470 0.1508452535760728 8
1759007128871 0.7258064516129032 9
1759007157710 0.5226130653266332 10
1759007188335 0.3522012578616352 11
1759007218379 0.672 12
1759007248973 0.6527777777777778 13
1759007281086 0.7076923076923077 14
1759007313263 0.4791666666666667 15
1759007344927 0.611764705882353 16
1759007377341 0.3374233128834356 17
1759007410239 0.5714285714285714 18
1759007442541 0.7394957983193278 19
1759007475613 0.7272727272727273 20
1759007508788 0.4774774774774775 21
1759007541106 0.4608695652173913 22
1759007570457 0.723404255319149 23
1759007603192 0.6081871345029239 24
1759007635531 0.5549738219895288 25
1759007668447 0.38666666666666666 26
1759007701081 0.24833702882483372 27
1759007733060 0.29427792915531337 28
1759007765435 0.711864406779661 29
1759007798407 0.75 30
1759007830908 0.6896551724137931 31
1759007863480 0.20634920634920634 32
1759007894717 0.6524822695035462 33
1759007926898 0.6438356164383562 34
1759007959607 0.2345679012345679 35
1759007991587 0.7636363636363637 36
1759008023664 0.7796610169491526 37
1759008055747 0.696969696969697 38
1759008088055 0.48598130841121495 39
1759008120550 0.47058823529411764 40
1759008152737 0.5538461538461539 41
1759008185261 0.675 42
1759008217546 0.7246376811594203 43
1759008249621 0.7737226277372263 44
1759008280758 0.37777777777777777 45
1759008314347 0.30945558739255014 46
1759008346476 0.7611940298507462 47
1759008378777 0.6404494382022472 48
1759008411526 0.5894736842105263 49
1759008443610 0.6589595375722543 50
1759008475777 0.5114155251141552 51
1759008508331 0.7333333333333333 52
1759008541172 0.6709677419354839 53
1759008573273 0.864406779661017 54
1759008606152 0.7851851851851852 55
1759008635626 0.8547008547008547 56
1759008668322 0.3660130718954248 57
1759008702023 0.7591240875912408 58
1759008735392 0.41767068273092367 59
