1759006843523 0.3490688753602168 0
1759006873724 0.3825761115137632 1
1759006905345 0.2846137823609928 2
1759006936397 0.528791306521377 3
1759006968495 0.5784223618985953 4
1759007000573 0.5492220542653412 5
1759007032218 0.39748194127108566 6
1759007065071 0.47048767548462134 7
1759007098578 0.5060731983895902 8
1759007128980 0.6482836602180531 9
1759007157827 0.566596626517643 10
1759007188448 0.5620956180851908 11
1759007218496 0.6328906901071423 12
1759007249087 0.48055467444247324 13
1759007281215 0.6585798578098594 14
1759007313389 0.612812866253279 15
1759007345055 0.6507277755963239 16
1759007377470 0.5318406540222864 17
1759007410367 0.5564970305839061 18
1759007442674 0.6650309568730776 19
1759007475743 0.7017114042420165 20
1759007508924 0.630600814610836 21
1759007541244 0.5728851601834284 22
1759007570597 0.6171905273942278 23
1759007603334 0.6415926783588652 24
1759007635673 0.632184029434442 25
1759007668593 0.39158718146205523 26
1759007701226 0.541986509681602 27
1759007733206 0.5414887091356972 28
1759007765582 0.6063280803821856 29
1759007798566 0.6890608139419144 30
1759007831061 0.6224546105556304 31
1759007863636 0.44873144364983153 32
1759007894875 0.6155371140804127 33
1759007927059 0.6292286994933893 34
1759007959772 0.5117894699037795 35
1759007991751 0.6746730801091645 36
1759008023828 0.5925380162340889 37
1759008055915 0.6413777351265416 38
1759008088225 0.48530608894648203 39
1759008120723 0.6349765962630964 40
1759008152909 0.6464386961315916 41
1759008185433 0.6184641379438248 42
1759008217722 0.5632280667275366 43
1759008249801 0.6944626776203334 44
1759008280941 0.35877973512862676 45
1759008314527 0.5235854305249583 46
1759008346665 0.7020256890641956 47
1759008378965 0.6870436954944805 48
1759008411715 0.6452908238556108 49
1759008443798 0.6580817417562674 50
1759008475971 0.6286184083603155 51
1759008508527 0.7005768936729548 52
1759008541370 0.6107534546612616 53
1759008573472 0.7176897032650948 54
1759008606346 0.7013902390142631 55
1759008635829 0.7092888863305425 56
1759008668526 0.637296530580927 57
1759008702229 0.6445399600067926 58
1759008735602 0.5904142611843181 59
