1759006843541 88.5625983887397 0
1759006873744 90.32954440225947 1
1759006905364 90.4536878414668 2
1759006936432 89.79593017872025 3
1759006968516 90.23810075006945 4
1759007000595 90.46526298731364 5
1759007032239 91.18610519492546 6
1759007065093 90.67998194277249 7
1759007098599 90.4756806185758 8
1759007129003 90.35211593666081 9
1759007157851 91.0602254838411 10
1759007188470 91.10623668858227 11
1759007218520 91.02086998796185 12
1759007249110 91.17047874803222 13
1759007281242 91.34063339198075 14
1759007313415 91.05848921196407 15
1759007345080 91.05848921196407 16
1759007377496 90.91437864617095 17
1759007410393 91.13401703861469 18
1759007442701 91.1756875636633 19
1759007475770 91.3857764607834 20
1759007508952 91.57763450319474 21
1759007541271 91.47027502546533 22
1759007570625 91.83518149828687 23
1759007603363 91.58226456153348 24
1759007635701 91.5521691823317 25
1759007668622 90.93347763681822 26
1759007701257 91.01566117233077 27
1759007733236 91.60541485322715 28
1759007765612 92.27387952588202 29
1759007798599 92.03253773497546 30
1759007831092 91.42455319937031 31
1759007863667 91.20115288452635 32
1759007894907 91.57271506620984 33
1759007927092 90.3929183257709 34
1759007959805 91.38201453838319 35
1759007991783 91.17337253449394 36
1759008023861 91.21735808871192 37
1759008055949 91.93964718955459 38
1759008088260 91.19102463191037 39
1759008120757 91.92141633484582 40
1759008152943 91.82476386702473 41
1759008185468 92.34564543013242 42
1759008217758 91.91215621816835 43
1759008249837 91.63406333919808 44
1759008280977 92.36532317807205 45
1759008314564 92.1098018335031 46
1759008346700 91.86209371238077 47
1759008379004 92.06465876470044 48
1759008411753 92.351722381702 49
1759008443836 91.39937725715345 50
1759008476010 91.82881516807112 51
1759008508567 91.99433975368089 52
1759008541409 91.94601351977035 53
1759008573513 92.24175849615705 54
1759008603423 91.87424761551996 55
1759008635871 92.24638855449578 56
1759008668565 92.37545143068803 57
1759008702270 92.01575377349755 58
1759008735645 92.13816094082786 59
