1759006843533 0.8057925222896005 0
1759006873734 0.5911629690017327 1
1759006905354 0.5404035303070797 2
1759006936416 0.4960191922134685 3
1759006968506 0.46054185575581397 4
1759007000584 0.45105568127111634 5
1759007032229 0.4336141545669158 6
1759007065082 0.4257335832816359 7
1759007098589 0.43068767870151164 8
1759007128992 0.41100641657650056 9
1759007157840 0.4365068219047195 10
1759007188459 0.39198740022519984 11
1759007218508 0.3917882997183026 12
1759007249099 0.39459210063861166 13
1759007281229 0.3768011761255157 14
1759007313402 0.385260164839996 15
1759007345068 0.37775516666273623 16
1759007377483 0.40153739439170477 17
1759007410380 0.3904449699435133 18
1759007442687 0.37898688417822723 19
1759007475756 0.3879568900522362 20
1759007508938 0.3782864906504336 21
1759007541258 0.37417164074511405 22
1759007570611 0.37632083720654785 23
1759007603349 0.36805767277902407 24
1759007635687 0.3738820287935798 25
1759007668608 0.4581325242514894 26
1759007701241 0.39903589251520183 27
1759007733221 0.3835135767616642 28
1759007765597 0.3774075250275416 29
1759007798582 0.3692462702800468 30
1759007831076 0.3896993334188247 31
1759007863652 0.3978491311729023 32
1759007894891 0.3844298978277948 33
1759007927075 0.40447317619540696 34
1759007959789 0.3702176276098557 35
1759007991767 0.3875467403727601 36
1759008023845 0.3831972103938676 37
1759008055932 0.3734535786240896 38
1759008088243 0.39475130425893307 39
1759008120739 0.3666051514578242 40
1759008152926 0.375882194001288 41
1759008185451 0.365116372944149 42
1759008217740 0.377613055911411 43
1759008249819 0.37038491752925673 44
1759008280959 0.38194577416387837 45
1759008314545 0.37408028885015043 46
1759008346682 0.37478202836693664 47
1759008378985 0.36334736789283517 48
1759008411735 0.3525240956805215 49
1759008443817 0.37795423390593863 50
1759008475990 0.37235419157034444 51
1759008508547 0.37049210109344805 52
1759008541389 0.370150298431119 53
1759008573492 0.3655530973734265 54
1759008603403 0.3580404094608794 55
1759008635850 0.3834344524905491 56
1759008668545 0.36289981330162846 57
1759008702249 0.3869540580665408 58
1759008735623 0.35596898513466674 59
