1758772007191 98.38796485989097 0
1758772029202 98.55637348519046 1
1758772051040 98.63507992175654 2
1758772073188 98.69237357778627 3
1758772097482 98.73346296746415 4
1758772118870 98.74995659571513 5
1758772140288 98.76702894776439 6
1758772161784 98.7757098047386 7
1758772186528 98.78236512841882 8
1758772208919 98.80435663275345 9
1758772231074 98.81390557542507 10
1758772253573 98.80522471845087 11
1758772279054 98.81535238492077 12
1758772302146 98.82895239418035 13
1758772325403 98.84457793673391 14
1758772349919 98.84776091762446 15
1758772376067 98.84226304154079 16
1758772401107 98.85152262231327 17
1758772428331 98.8437098510365 18
1758772453079 98.85730986029607 19
1758772477402 98.85933539359006 20
1758772502571 98.87525029804276 21
1758772527138 98.86859497436254 22
1758772552677 98.85730986029607 23
1758772580259 98.87640774563931 24
1758772604520 98.86049284118661 25
1758772628484 98.8769864694376 26
1758772652257 98.86049284118661 27
1758772675558 98.87206731715222 28
1758772701469 98.88798222160491 29
1758772725610 98.87640774563931 30
1758772748957 98.8610715649849 31
1758772771477 98.89261201199116 32
1758772793967 98.8842205169161 33
1758772818842 98.8986886118731 34
1758772840842 98.89926733567138 35
1758772862962 98.90708010694816 36
1758772886211 98.89492690718427 37
1758772910987 98.88364179311782 38
1758772933289 98.89782052617568 39
1758772955043 98.89608435478084 40
1758772977365 98.88913966920148 41
1758772999246 98.89087584059632 42
1758773023700 98.8885609454032 43
1758773045653 98.89666307857912 44
1758773067289 98.90418648795676 45
1758773090145 98.90679074504902 46
1758773114910 98.89955669757052 47
1758773134696 98.8986886118731 48
1758773154820 98.9044758498559 49
1758773177764 98.90650138314987 50
1758773197618 98.91286734493096 51
1758773217194 98.908816278343 52
1758773239779 98.8784332789333 53
1758773259737 98.90245031656191 54
1758773280311 98.90823755454471 55
1758773300403 98.89145456439459 56
1758773322360 98.8986886118731 57
1758773341865 98.88798222160491 58
1758773374337 98.92328437329999 59
1758773404935 98.8986886118731 60
1758773432480 98.90650138314987 61
1758773455595 98.91518224012408 62
1758773478226 98.88740349780663 63
1758773497221 98.89145456439459 64
1758773516420 98.90794819264558 65
1758773538318 98.908816278343 66
1758773557205 98.90418648795676 67
1758773671871 98.90910564024213 68
1758790769217 98.89608435478084 69
1758790805717 98.90563329745245 70
1758790841921 98.88393115501695 71
1758790875816 98.89550563098256 72
1758790913099 98.88393115501695 73
1758793552779 98.89782052617568 74
1758793577145 98.89608435478084 75
1758793598055 98.8813268979247 76
1758793621483 98.90071414516707 77
1758793648909 98.80377790895517 78
1758793673349 98.89145456439459 79
1758793697054 98.9030290403602 80
1758793722198 98.87785455513502 81
1758793747068 98.90997372593955 82
1758793771769 98.87351412664792 83
1758793799184 98.89926733567138 84
1758793824240 98.8755396599419 85
1758793855158 98.88971839299975 86
1758793881630 98.88393115501695 87
1758793907221 98.87669710753846 88
1758793931760 98.90939500214128 89
1758793956435 98.90158223086449 90
1758793982094 98.894348183386 91
1758794009283 98.88942903110062 92
1758794033660 98.894348183386 93
1758794058753 98.91431415442666 94
1758794083343 98.88971839299975 95
1758794107651 98.8885609454032 96
1758794132487 98.87438221234534 97
1758794159860 98.91431415442666 98
1758794184443 98.91055244973784 99
