1758772007183 0.07703939787299735 0
1758772029195 0.06695988638244604 1
1758772051032 0.06254467750226872 2
1758772073181 0.059799703837036054 3
1758772097474 0.057807701932680276 4
1758772118862 0.057348396153430695 5
1758772140278 0.0564716118381626 6
1758772161776 0.05589769163772602 7
1758772186519 0.055395830265565396 8
1758772208910 0.05478995508626448 9
1758772231066 0.0544426266063022 10
1758772253564 0.05437432233313168 11
1758772279046 0.053710682669921815 12
1758772302137 0.05351857019762974 13
1758772325395 0.05281713601546707 14
1758772349911 0.05263979417838898 15
1758772376058 0.052738656785459845 16
1758772401099 0.052120747525413104 17
1758772428322 0.05245671357325692 18
1758772453069 0.0520174865894606 19
1758772477393 0.05215528533845726 20
1758772502563 0.051445632795975714 21
1758772527128 0.05150701405765075 22
1758772552667 0.051884039683931474 23
1758772580249 0.051293940429480885 24
1758772604511 0.05144079104346154 25
1758772628475 0.05101238698405386 26
1758772652248 0.051813245098477366 27
1758772675550 0.05191964443117656 28
1758772701461 0.050963356385343814 29
1758772725600 0.051520595260835425 30
1758772748948 0.0523332174100344 31
1758772771468 0.05094097987110554 32
1758772793958 0.05130479386533369 33
1758772818832 0.05108779594332359 34
1758772840832 0.050354818798929314 35
1758772862953 0.05017542200081085 36
1758772886203 0.05046821970548653 37
1758772910977 0.05077421282150748 38
1758772933279 0.05018007183710493 39
1758772955034 0.05050162233382084 40
1758772977355 0.05090152927355289 41
1758772999237 0.0502603499222702 42
1758773023691 0.05080896748255731 43
1758773045642 0.05086333207372162 44
1758773067279 0.05011907067658656 45
1758773090135 0.050054840241619214 46
1758773114901 0.05011219142634352 47
1758773134687 0.05022693726786033 48
1758773154811 0.04969856802792357 49
1758773177755 0.05025268633711945 50
1758773197609 0.049765000151043445 51
1758773217185 0.04973004827909689 52
1758773239770 0.05167006885602691 53
1758773259728 0.050090296624866484 54
1758773280302 0.05005174285658911 55
1758773300394 0.05090627438108506 56
1758773322351 0.050807658414037345 57
1758773341855 0.052885094878082684 58
1758773374325 0.049254140239898804 59
1758773404923 0.051285827327541215 60
1758773432470 0.04993985266135833 61
1758773455584 0.049899173114724735 62
1758773478217 0.05097381002411971 63
1758773497212 0.0508458406931324 64
1758773516410 0.05068993122603623 65
1758773538309 0.05049273491837084 66
1758773557195 0.0504446475760994 67
1758773671863 0.050448396499742997 68
1758790769201 0.05077731405121826 69
1758790805701 0.05092144589961713 70
1758790841905 0.05163452760307808 71
1758790875800 0.05142196954521178 72
1758790913083 0.05239604804567837 73
1758793552770 0.050622925984509355 74
1758793577134 0.05071582083620511 75
1758793598045 0.051384673621591735 76
1758793621472 0.05072404010173934 77
1758793648897 0.058461916314317255 78
1758793673339 0.05154602136618147 79
1758793697039 0.05064553395823437 80
1758793722184 0.052000559360280425 81
1758793747058 0.050833138243631566 82
1758793771758 0.054334224896479606 83
1758793799170 0.05132389781793959 84
1758793824227 0.052612578690060655 85
1758793855144 0.054316735247288035 86
1758793881618 0.05234697202802636 87
1758793907210 0.05261887281141416 88
1758793931748 0.051102219705418166 89
1758793956421 0.051276989912191685 90
1758793982082 0.05139531824897319 91
1758794009271 0.05164241163219601 92
1758794033650 0.051621621418614975 93
1758794058741 0.05110222696490517 94
1758794083332 0.05193143886729592 95
1758794107640 0.05194615766897591 96
1758794132475 0.05238062488527417 97
1758794159849 0.05136092325685442 98
1758794184432 0.051101822180380285 99
