1758995582864 0.14691943127962084 0
1758995708690 0.05009823182711198 1
1758995833538 0.8974358974358975 2
1758995958385 0.36879432624113473 3
1758996085523 0.05202312138728324 4
1758996209904 0.08074534161490683 5
1758996334848 0.28651685393258425 6
1758996460673 0.13658536585365855 7
1758996586388 0.75 8
1758996711556 0.228310502283105 9
1758996833423 0.8548387096774194 10
1758996960655 0.3402777777777778 11
1758997085768 0.547945205479452 12
1758997211253 0.6818181818181818 13
1758997339424 0.04847986852917009 14
1758997463874 0.3541666666666667 15
1758997589406 0.851063829787234 16
1758997715791 0.8363636363636363 17
1758997841526 0.6666666666666666 18
1758997963934 0.7333333333333333 19
1758998089753 0.391304347826087 20
1758998215852 0.41732283464566927 21
