1758995582842 0.23892919689767325 0
1758995708662 0.06180597400361539 1
1758995833510 0.09365690619777665 2
1758995958355 0.15716506867064006 3
1758996085492 0.22657699443413729 4
1758996209872 0.0545734325794446 5
1758996334818 0.11149947570779448 6
1758996460641 0.08741055888609553 7
1758996586357 0.09397655667728166 8
1758996711522 0.09287419024889192 9
1758996833389 0.14134604207834475 10
1758996960619 0.04140411678218862 11
1758997085733 0.18258620689655172 12
1758997211217 0.1833461835003855 13
1758997339388 0.33628946434905993 14
1758997463837 0.16537544696066747 15
1758997589367 0.24231382373035754 16
1758997715752 0.06712509677125553 17
1758997841486 0.12279665189561792 18
1758997963892 0.09610027855153204 19
1758998089713 0.07659752338157688 20
1758998215810 0.12045391126406846 21
