1758995582857 0.3333333333333333 0
1758995708681 0.11503184203148155 1
1758995833529 0.16636551368094993 2
1758995958375 0.2566924135012168 3
1758996085513 0.32324234904880067 4
1758996209893 0.1027731913603127 5
1758996334838 0.19367079001290127 6
1758996460662 0.15725385596660096 7
1758996586378 0.16820276497695852 8
1758996711545 0.16611781924624955 9
1758996833412 0.23529411764705882 10
1758996960643 0.07920443986841114 11
1758997085756 0.28116288331342093 12
1758997211241 0.28936480895595035 13
1758997339412 0.4165202108963093 14
1758997463862 0.26287744227353466 15
1758997589392 0.3474853037230568 16
1758997715778 0.12443018740503123 17
1758997841513 0.2097913862718708 18
1758997963919 0.17053658536585367 19
1758998089741 0.14047527788424682 20
1758998215838 0.20746555591156682 21
