1758995582850 0.5510675129832661 0
1758995708671 0.8286208886324293 1
1758995833519 0.743796884016157 2
1758995958365 0.6999422965954991 3
1758996085503 0.5637622619734565 4
1758996209883 0.8799769186381996 5
1758996334828 0.7362954414310444 6
1758996460652 0.7824581650317368 7
1758996586367 0.8003462204270052 8
1758996711534 0.7859203693017888 9
1758996833400 0.7016733987305251 10
1758996960631 0.9099826889786498 11
1758997085744 0.6110790536641661 12
1758997211229 0.6860934795152914 13
1758997339400 0.5470282746682055 14
1758997463850 0.6405077899596077 15
1758997589380 0.6139642238892095 16
1758997715765 0.8505481823427582 17
1758997841500 0.7195614541257934 18
1758997963906 0.7564916330063474 19
1758998089728 0.845931909982689 20
1758998215824 0.7472590882862089 21
