1758995582945 0.0 0
1758995708778 0.09836065573770492 1
1758995833624 1.0 2
1758995958478 1.0 3
1758996085618 0.9411764705882353 4
1758996210003 0.9473684210526315 5
1758996334943 0.9523809523809523 6
1758996460773 1.0 7
1758996586488 1.0 8
1758996711659 1.0 9
1758996833527 1.0 10
1758996960762 0.8260869565217391 11
1758997085876 0.9047619047619048 12
1758997211364 1.0 13
1758997339531 0.8695652173913043 14
1758997463985 1.0 15
1758997589519 0.9523809523809523 16
1758997715911 1.0 17
1758997841644 1.0 18
1758997964056 0.9523809523809523 19
1758998089879 1.0 20
1758998215977 1.0 21
