1758995582962 0.0 0
1758995708797 0.16901408450704225 1
1758995833644 0.6206896551724138 2
1758995958499 0.8571428571428571 3
1758996085640 0.8648648648648649 4
1758996210024 0.9230769230769231 5
1758996334964 0.975609756097561 6
1758996460795 0.9743589743589743 7
1758996586510 0.7878787878787878 8
1758996711682 1.0 9
1758996833550 1.0 10
1758996960784 0.8837209302325582 11
1758997085901 0.926829268292683 12
1758997211388 1.0 13
1758997339557 0.9302325581395349 14
1758997464010 0.9473684210526315 15
1758997589544 0.975609756097561 16
1758997715938 1.0 17
1758997841670 0.9743589743589743 18
1758997964083 0.975609756097561 19
1758998089907 0.9743589743589743 20
1758998216005 1.0 21
