1758995582915 0.0 0
1758995708748 0.0 1
1758995833595 0.0 2
1758995958447 0.0 3
1758996085587 0.03754266211604096 4
1758996209970 0.5 5
1758996334911 0.30612244897959184 6
1758996460741 0.2222222222222222 7
1758996586454 0.35714285714285715 8
1758996711624 0.5454545454545454 9
1758996833492 0.375 10
1758996960726 0.2631578947368421 11
1758997085839 0.21621621621621623 12
1758997211326 0.3076923076923077 13
1758997339495 0.37142857142857144 14
1758997463948 0.0099882491186839 15
1758997589482 0.25 16
1758997715870 0.019067796610169493 17
1758997841605 0.025 18
1758997964016 0.14942528735632185 19
1758998089837 0.24 20
1758998215935 0.265625 21
