1758995582881 0.22878228782287824 0
1758995708710 0.09461966604823747 1
1758995833557 0.7070707070707071 2
1758995958406 0.5174129353233831 3
1758996085544 0.09836065573770492 4
1758996209925 0.14772727272727273 5
1758996334869 0.42857142857142855 6
1758996460696 0.23829787234042554 7
1758996586411 0.796875 8
1758996711578 0.35842293906810035 9
1758996833446 0.8688524590163934 10
1758996960678 0.4803921568627451 11
1758997085791 0.6015037593984962 12
1758997211277 0.7142857142857143 13
1758997339446 0.09240407204385279 14
1758997463899 0.5 15
1758997589431 0.7476635514018691 16
1758997715817 0.8 17
1758997841552 0.7272727272727273 18
1758997963962 0.7333333333333333 19
1758998089781 0.5454545454545454 20
1758998215879 0.5668449197860963 21
