1758995582936 0.0 0
1758995708767 0.0 1
1758995833615 0.0 2
1758995958468 0.0 3
1758996085608 0.07028753993610223 4
1758996209991 0.09090909090909091 5
1758996334932 0.43478260869565216 6
1758996460762 0.21052631578947367 7
1758996586477 0.29411764705882354 8
1758996711648 0.3870967741935484 9
1758996833515 0.46153846153846156 10
1758996960750 0.3448275862068966 11
1758997085864 0.2807017543859649 12
1758997211351 0.24242424242424243 13
1758997339519 0.4727272727272727 14
1758997463973 0.019744483159117306 15
1758997589506 0.38636363636363635 16
1758997715897 0.03734439834024896 17
1758997841631 0.04871794871794872 18
1758997964042 0.24299065420560748 19
1758998089865 0.34285714285714286 20
1758998215963 0.40476190476190477 21
