1758995582872 0.5166666666666667 0
1758995708700 0.85 1
1758995833548 0.5833333333333334 2
1758995958396 0.8666666666666667 3
1758996085534 0.9 4
1758996209915 0.8666666666666667 5
1758996334859 0.85 6
1758996460685 0.9333333333333333 7
1758996586400 0.85 8
1758996711568 0.8333333333333334 9
1758996833434 0.8833333333333333 10
1758996960666 0.8166666666666667 11
1758997085779 0.6666666666666666 12
1758997211265 0.75 13
1758997339435 0.9833333333333333 14
1758997463886 0.85 15
1758997589419 0.6666666666666666 16
1758997715804 0.7666666666666667 17
1758997841539 0.8 18
1758997963948 0.7333333333333333 19
1758998089767 0.9 20
1758998215865 0.8833333333333333 21
