1758995582971 0.3124231242312423 0
1758995708806 0.27573311851735227 1
1758995833654 0.4988251751848142 2
1758995958509 0.5262496411934914 3
1758996085651 0.4713510819174946 4
1758996210035 0.4528972956147198 5
1758996334973 0.6065269166755086 6
1758996460806 0.5160874036910948 7
1758996586521 0.6094148399829139 8
1758996711693 0.5823275065015797 9
1758996833562 0.7131370076403828 10
1758996960796 0.5576290226341222 11
1758997085914 0.618039533078113 12
1758997211399 0.6492149531331813 13
1758997339569 0.5823768227613939 14
1758997464022 0.5459980692970567 15
1758997589557 0.6914244495172246 16
1758997715951 0.592354917149056 17
1758997841684 0.5920282073243042 18
1758997964097 0.6244940658004711 19
1758998089921 0.6006291881109819 20
1758998216019 0.6358144760919135 21
