1758995582988 79.22434947680341 0
1758995708826 82.25993147513658 1
1758995833673 84.1906658023891 2
1758995958530 86.35290304657839 3
1758996085673 86.94641864987499 4
1758996210056 87.14464302250208 5
1758996334994 86.67121955736643 6
1758996460829 87.12930595425502 7
1758996586544 87.72282155755163 8
1758996711716 87.16779331419576 9
1758996833585 87.28933234558755 10
1758996960819 86.81070006482082 11
1758997085938 87.30061811278821 12
1758997211423 87.89181868691546 13
1758997339592 87.17850032410408 14
1758997464047 87.86519585146773 15
1758997589583 86.76960829706454 16
1758997715977 87.99657375682933 17
1758997841710 88.00901703861469 18
1758997964125 86.97825030095379 19
1758998089948 87.24158486896935 20
1758998216047 87.24245300490786 21
