1758995582979 0.8521640665925386 0
1758995708816 0.6358977322129067 1
1758995833663 0.5555186422809062 2
1758995958519 0.5162115947807345 3
1758996085661 0.4863125509470356 4
1758996210046 0.47636052060557565 5
1758996334983 0.47407591571488106 6
1758996460817 0.4631741163552161 7
1758996586533 0.45939877515876476 8
1758996711705 0.47642669230208007 9
1758996833574 0.4673415478698142 10
1758996960807 0.47264830848189177 11
1758997085926 0.4479221021129827 12
1758997211411 0.4545955239362687 13
1758997339581 0.4520262553696348 14
1758997464034 0.4588423671579868 15
1758997589570 0.45535522044744103 16
1758997715964 0.45504295064494255 17
1758997841697 0.44488164139661457 18
1758997964110 0.45201316869727126 19
1758998089935 0.4512760064494365 20
1758998216033 0.4761729971111614 21
