1758948411624 1.0 0
1758948490678 1.0 1
1758948570586 1.0 2
1758948647939 1.0 3
1758948725350 0.9523809523809523 4
1758948801522 0.975609756097561 5
1758948880438 0.975609756097561 6
1758948959218 1.0 7
1758949036785 1.0 8
1758949114980 0.9523809523809523 9
1758949186436 0.975609756097561 10
1758949258199 0.975609756097561 11
1758949329812 1.0 12
1758949409736 0.975609756097561 13
1758949495812 0.975609756097561 14
1758949581548 1.0 15
1758949672446 1.0 16
1758949762061 1.0 17
1758949855483 1.0 18
1758949946093 1.0 19
1758950045277 1.0 20
1758950139396 1.0 21
