1758948411675 0.007653061224489796 0
1758948490744 0.16129032258064516 1
1758948570644 1.0 2
1758948647998 0.9375 3
1758948725422 1.0 4
1758948801580 1.0 5
1758948880499 0.7307692307692307 6
1758948959285 0.8260869565217391 7
1758949036848 0.30158730158730157 8
1758949115047 1.0 9
1758949186500 0.8260869565217391 10
1758949258264 1.0 11
1758949329948 0.9090909090909091 12
1758949409810 1.0 13
1758949495888 1.0 14
1758949581624 1.0 15
1758949672527 1.0 16
1758949762144 0.9090909090909091 17
1758949855563 1.0 18
1758949946174 1.0 19
1758950045362 1.0 20
1758950139472 0.45454545454545453 21
