1758948411575 0.10162297128589264 0
1758948490614 0.09975611674927229 1
1758948570527 0.18638179607434427 2
1758948647879 0.13830557566980448 3
1758948725276 0.19635627530364372 4
1758948801462 0.09395047251155411 5
1758948880376 0.1777200488997555 6
1758948959150 0.22372024436486201 7
1758949036722 0.1470734126984127 8
1758949114910 0.1706758304696449 9
1758949186369 0.19624255952380953 10
1758949258133 0.11197339246119734 11
1758949329746 0.0952176403207331 12
1758949409664 0.2699091394975949 13
1758949495731 0.32271049983227107 14
1758949581472 0.12580810672139559 15
1758949672369 0.12582311822510384 16
1758949761980 0.12231930103256553 17
1758949855400 0.0835524743007411 18
1758949946010 0.13284323876579002 19
1758950045183 0.12813112050304093 20
1758950139312 0.11406070259269091 21
