1758948411584 0.7045585689555683 0
1758948490626 0.7316791690709752 1
1758948570538 0.6191575302942873 2
1758948647890 0.6612810155799193 3
1758948725289 0.6156953260242354 4
1758948801472 0.7859203693017888 5
1758948880388 0.6710905943450663 6
1758948959161 0.6128101557991922 7
1758949036733 0.6843623773802654 8
1758949114921 0.6018465089440277 9
1758949186381 0.6087709174841316 10
1758949258144 0.6993652625504905 11
1758949329757 0.7674552798615119 12
1758949409677 0.582804385458742 13
1758949495747 0.5551067512983267 14
1758949581485 0.7074437391806117 15
1758949672383 0.7166762839007501 16
1758949761994 0.7109059434506636 17
1758949855413 0.8066935949221004 18
1758949946024 0.740334679746105 19
1758950045198 0.7172533179457588 20
1758950139326 0.743796884016157 21
