1758948411649 0.0 0
1758948490712 0.0 1
1758948570614 0.2857142857142857 2
1758948647969 0.25 3
1758948725386 0.5 4
1758948801551 0.24489795918367346 5
1758948880469 0.11538461538461539 6
1758948959253 0.5 7
1758949036816 0.07142857142857142 8
1758949115014 0.19 9
1758949186468 0.04139433551198257 10
1758949258231 0.21951219512195122 11
1758949329913 0.17582417582417584 12
1758949409772 0.23684210526315788 13
1758949495848 0.27906976744186046 14
1758949581585 0.11888111888111888 15
1758949672488 0.275 16
1758949762103 0.19444444444444445 17
1758949855523 0.18032786885245902 18
1758949946133 0.18518518518518517 19
1758950045320 0.23809523809523808 20
1758950139435 0.08823529411764706 21
