1758948411616 0.0647419072615923 0
1758948490668 0.5857142857142857 1
1758948570575 0.14218009478672985 2
1758948647929 0.047357293868921777 3
1758948725338 0.16272189349112426 4
1758948801512 0.5454545454545454 5
1758948880429 0.36860068259385664 6
1758948959207 0.3923076923076923 7
1758949036775 0.10653266331658291 8
1758949114969 0.10457516339869281 9
1758949186425 0.6851851851851852 10
1758949258188 0.6608695652173913 11
1758949329801 0.6333333333333333 12
1758949409725 0.6470588235294118 13
1758949495799 0.45454545454545453 14
1758949581536 0.20530973451327433 15
1758949672434 0.6835443037974683 16
1758949762048 0.27722772277227725 17
1758949855469 0.45226130653266333 18
1758949946079 0.734375 19
1758950045262 0.6901408450704225 20
1758950139383 0.453781512605042 21
