1758948411594 0.17762583648530694 0
1758948490636 0.17557463306563278 1
1758948570548 0.2865153538050734 2
1758948647900 0.22876534584289848 3
1758948725301 0.2977535928561462 4
1758948801482 0.1678373382624769 5
1758948880398 0.28101969312552855 6
1758948959174 0.3277777777777778 7
1758949036744 0.2421149331427988 8
1758949114933 0.2659357470678225 9
1758949186392 0.29680686453790966 10
1758949258155 0.19303973879111253 11
1758949329768 0.16941596076683013 12
1758949409689 0.3689497716894977 13
1758949495761 0.40814594823928724 14
1758949581498 0.21362606725910438 15
1758949672396 0.2140641158221303 16
1758949762008 0.20872511647606945 17
1758949855427 0.15142160844841593 18
1758949946038 0.2252655605302432 19
1758950045213 0.21742172468077664 20
1758950139341 0.19779039435323 21
