1758948411692 0.015151515151515152 0
1758948490765 0.26548672566371684 1
1758948570665 0.918918918918919 2
1758948648018 0.8333333333333334 3
1758948725446 0.8888888888888888 4
1758948801600 0.9743589743589743 5
1758948880519 0.8260869565217391 6
1758948959306 0.8837209302325582 7
1758949036868 0.4578313253012048 8
1758949115069 0.9473684210526315 9
1758949186523 0.8837209302325582 10
1758949258286 0.9743589743589743 11
1758949329971 0.9523809523809523 12
1758949409833 0.9743589743589743 13
1758949495914 0.9473684210526315 14
1758949581650 0.9743589743589743 15
1758949672551 1.0 16
1758949762171 0.9523809523809523 17
1758949855590 1.0 18
1758949946200 1.0 19
1758950045391 1.0 20
1758950139498 0.625 21
