1758948411666 0.0 0
1758948490734 0.0 1
1758948570633 0.23529411764705882 2
1758948647990 0.08333333333333333 3
1758948725410 0.16666666666666666 4
1758948801571 0.34782608695652173 5
1758948880489 0.20454545454545456 6
1758948959275 0.47368421052631576 7
1758949036837 0.12962962962962962 8
1758949115035 0.31666666666666665 9
1758949186489 0.07933194154488518 10
1758949258253 0.35294117647058826 11
1758949329936 0.2882882882882883 12
1758949409797 0.3103448275862069 13
1758949495875 0.38095238095238093 14
1758949581611 0.2085889570552147 15
1758949672514 0.36666666666666664 16
1758949762131 0.30434782608695654 17
1758949855549 0.2716049382716049 18
1758949946160 0.297029702970297 19
1758950045347 0.24390243902439024 20
1758950139459 0.16071428571428573 21
