1758948411608 0.6166666666666667 0
1758948490657 0.6833333333333333 1
1758948570566 0.75 2
1758948647920 0.9333333333333333 3
1758948725326 0.9166666666666666 4
1758948801503 0.8 5
1758948880418 0.9 6
1758948959197 0.85 7
1758949036765 0.8833333333333333 8
1758949114957 0.8 9
1758949186414 0.6166666666666667 10
1758949258177 0.6333333333333333 11
1758949329791 0.95 12
1758949409713 0.7333333333333333 13
1758949495788 0.8333333333333334 14
1758949581523 0.9666666666666667 15
1758949672421 0.9 16
1758949762034 0.9333333333333333 17
1758949855455 0.75 18
1758949946066 0.7833333333333333 19
1758950045246 0.8166666666666667 20
1758950139369 0.9 21
