1758948411641 1.0 0
1758948490700 1.0 1
1758948570605 1.0 2
1758948647959 1.0 3
1758948725373 0.975609756097561 4
1758948801542 0.9876543209876543 5
1758948880459 0.9876543209876543 6
1758948959242 1.0 7
1758949036806 1.0 8
1758949115003 0.975609756097561 9
1758949186458 0.9876543209876543 10
1758949258221 0.9876543209876543 11
1758949329834 1.0 12
1758949409760 0.9876543209876543 13
1758949495835 0.9876543209876543 14
1758949581573 1.0 15
1758949672474 1.0 16
1758949762089 1.0 17
1758949855509 1.0 18
1758949946120 1.0 19
1758950045306 1.0 20
1758950139422 1.0 21
