1758948411602 0.034164358264081256 0
1758948490647 0.5125 1
1758948570557 0.07853403141361257 2
1758948647910 0.024295010845986984 3
1758948725314 0.08928571428571429 4
1758948801492 0.41379310344827586 5
1758948880409 0.2317596566523605 6
1758948959185 0.255 7
1758949036755 0.05668449197860963 8
1758949114944 0.055944055944055944 9
1758949186403 0.7708333333333334 10
1758949258166 0.6909090909090909 11
1758949329779 0.475 12
1758949409701 0.5789473684210527 13
1758949495775 0.3125 14
1758949581511 0.11485148514851486 15
1758949672409 0.5510204081632653 16
1758949762021 0.16279069767441862 17
1758949855440 0.3237410071942446 18
1758949946052 0.6911764705882353 19
1758950045231 0.5975609756097561 20
1758950139355 0.30337078651685395 21
