1758948411702 0.2515038517796829 0
1758948490777 0.4053551288887271 1
1758948570675 0.5165816970315562 2
1758948648027 0.4385578612756974 3
1758948725459 0.49832815960007737 4
1758948801609 0.6046262532040345 5
1758948880529 0.5335814215548467 6
1758948959317 0.6154981221688688 7
1758949036879 0.3872217102780432 8
1758949115080 0.522031150856675 9
1758949186533 0.5865398484976385 10
1758949258297 0.6337727551651441 11
1758949329983 0.6086837069538807 12
1758949409844 0.657673343630349 13
1758949495926 0.6357333051554817 14
1758949581662 0.5203767466373136 15
1758949672564 0.652855017257253 16
1758949762184 0.5485363235432511 17
1758949855603 0.5750575706505369 18
1758949946213 0.651334052700108 19
1758950045405 0.6302930017551178 20
1758950139512 0.4874572385345116 21
