1758948411721 78.99869208421589 0
1758948490798 82.21350278366147 1
1758948570695 84.98530041552368 2
1758948648046 87.1627487065523 3
1758948725488 86.67083347801429 4
1758948801629 87.19110617266803 5
1758948880550 87.33086796995266 6
1758948959338 87.50593191893238 7
1758949036901 86.53512274731762 8
1758949115102 87.54123407062745 9
1758949186554 87.25534451427711 10
1758949258318 87.35199138858988 11
1758949330006 87.86647684526083 12
1758949409868 88.00710672824287 13
1758949495954 88.46487725268238 14
1758949581687 88.04356632753452 15
1758949672592 88.39282613979653 16
1758949762211 88.29154947509751 17
1758949855628 88.72877530469808 18
1758949946240 87.65090223040151 19
1758950045434 87.48538722409343 20
1758950139539 87.48422977649687 21
