1758948411712 0.9063385939466254 0
1758948490787 0.6216579401277489 1
1758948570685 0.5530848866175533 2
1758948648036 0.516871210379802 3
1758948725474 0.48851321083842775 4
1758948801619 0.4669580478018098 5
1758948880539 0.4654096763033023 6
1758948959327 0.46337509022012385 7
1758949036890 0.4644909142273806 8
1758949115090 0.4553847334987087 9
1758949186544 0.45531772316467983 10
1758949258308 0.4521003123415479 11
1758949329994 0.4514267035722474 12
1758949409856 0.4510930383375294 13
1758949495940 0.44852740526164847 14
1758949581675 0.4592185017309169 15
1758949672578 0.4445922627516039 16
1758949762198 0.4501172035046922 17
1758949855615 0.4541393533828496 18
1758949946227 0.442782284878259 19
1758950045420 0.4639267307550526 20
1758950139526 0.4477994347642676 21
