1758866830590 0.20336061360797397 0
1758866875179 0.13314542348341396 1
1758866918086 0.1219575399591553 2
1758866958145 0.11362941091035113 3
1758866998646 0.10528685353920554 4
1758867043192 0.09562488853595116 5
1758867085196 0.08804787471286815 6
1758867128140 0.0794787664492442 7
1758867167932 0.07352813789776216 8
1758867210398 0.0673798149496886 9
1758867251178 0.0625311143400527 10
1758867293831 0.05772415169458664 11
1758867335136 0.053669917771842816 12
1758867386744 0.050641736670847794 13
1758867434125 0.048557320032883176 14
