1758866830597 91.09807053485653 0
1758866875187 93.53420836371633 1
1758866918094 94.17919603689943 2
1758866958155 94.67053254163918 3
1758866998654 95.16244777017721 4
1758867043200 95.63266085627973 5
1758867085203 96.06525689549406 6
1758867128148 96.50682315358172 7
1758867167942 96.84884891836522 8
1758867210405 97.08554695186176 9
1758867251185 97.35754713705337 10
1758867293838 97.6434366934037 11
1758867335143 97.82660277555934 12
1758867386753 97.97157308702849 13
1758867434136 98.07892635160943 14
