1758869008732 0.8649740334679746 0
1758869049217 0.847663012117715 1
1758869086379 0.8026543566070398 2
1758869127872 0.6306982111944605 3
1758869168531 0.7645701096364685 4
1758869214767 0.7351413733410271 5
1758869268685 0.7126370455856895 6
1758869312257 0.6035776110790536 7
1758869354208 0.6583958453548759 8
1758869798231 0.6445470282746683 9
1758869840838 0.6191575302942873 10
1758869875169 0.7091748413156376 11
1758869911418 0.6064627813040969 12
1758869947440 0.5989613387189844 13
1758869983974 0.6185804962492787 14
1758870020059 0.6537795729948067 15
1758870056566 0.5637622619734565 16
1758870094632 0.6364685516445471 17
1758870132873 0.5781881130986728 18
1758870175088 0.6116560877091748 19
1758876423069 0.5793421811886902 20
