1758869008826 1.0 0
1758869049333 0.9090909090909091 1
1758869086496 1.0 2
1758869127990 0.9090909090909091 3
1758869168649 0.625 4
1758869214913 0.5882352941176471 5
1758869268852 0.7407407407407407 6
1758869312396 0.5405405405405406 7
1758869354341 0.6451612903225806 8
1758869798429 0.9090909090909091 9
1758869840968 0.8695652173913043 10
1758869875305 0.8 11
1758869911549 0.6451612903225806 12
1758869947575 0.7692307692307693 13
1758869984113 0.8695652173913043 14
1758870020194 0.5263157894736842 15
1758870056706 0.9090909090909091 16
1758870094780 0.5405405405405406 17
1758870133019 0.9523809523809523 18
1758870175243 1.0 19
1758876423319 0.6666666666666666 20
