1758869008764 0.8405797101449275 0
1758869049260 0.5786802030456852 1
1758869086422 0.8382352941176471 2
1758869127916 0.8028169014084507 3
1758869168576 0.655367231638418 4
1758869214823 0.7887323943661971 5
1758869268750 0.8527131782945736 6
1758869312309 0.8382352941176471 7
1758869354256 0.8405797101449275 8
1758869798324 0.7341772151898734 9
1758869840888 0.8270676691729323 10
1758869875219 0.7887323943661971 11
1758869911467 0.8396946564885496 12
1758869947491 0.5925925925925926 13
1758869984025 0.7432432432432432 14
1758870020108 0.835820895522388 15
1758870056618 0.8028169014084507 16
1758870094685 0.7682119205298014 17
1758870132926 0.7943262411347518 18
1758870175148 0.7116564417177914 19
1758876423162 0.6993865030674846 20
