1758869008845 1.0 0
1758869049353 0.9523809523809523 1
1758869086517 1.0 2
1758869128011 0.9523809523809523 3
1758869168671 0.7692307692307693 4
1758869214939 0.7407407407407407 5
1758869268879 0.851063829787234 6
1758869312420 0.7017543859649122 7
1758869354366 0.7843137254901961 8
1758869798460 0.9523809523809523 9
1758869840993 0.9302325581395349 10
1758869875328 0.8888888888888888 11
1758869911572 0.7843137254901961 12
1758869947598 0.8695652173913043 13
1758869984138 0.9302325581395349 14
1758870020221 0.6896551724137931 15
1758870056730 0.9523809523809523 16
1758870094806 0.7017543859649122 17
1758870133044 0.975609756097561 18
1758870175268 1.0 19
1758876423365 0.8 20
