1758869008789 0.975609756097561 0
1758869049291 0.975609756097561 1
1758869086452 0.9876543209876543 2
1758869127948 0.9876543209876543 3
1758869168607 0.9876543209876543 4
1758869214861 0.975609756097561 5
1758869268796 0.975609756097561 6
1758869312345 0.975609756097561 7
1758869354292 0.9876543209876543 8
1758869798369 0.9876543209876543 9
1758869840922 0.9876543209876543 10
1758869875258 0.9876543209876543 11
1758869911503 0.9876543209876543 12
1758869947529 0.9876543209876543 13
1758869984063 0.9876543209876543 14
1758870020147 1.0 15
1758870056657 0.9876543209876543 16
1758870094726 1.0 17
1758870132968 1.0 18
1758870175190 0.9876543209876543 19
1758876423229 1.0 20
