1758869008797 0.2753623188405797 0
1758869049302 0.2714285714285714 1
1758869086464 0.296875 2
1758869127959 0.31666666666666665 3
1758869168618 0.24358974358974358 4
1758869214874 0.3584905660377358 5
1758869268810 0.2676056338028169 6
1758869312358 0.31666666666666665 7
1758869354304 0.3333333333333333 8
1758869798383 0.3220338983050847 9
1758869840935 0.3877551020408163 10
1758869875270 0.35185185185185186 11
1758869911514 0.3392857142857143 12
1758869947541 0.34615384615384615 13
1758869984076 0.32142857142857145 14
1758870020159 0.32727272727272727 15
1758870056669 0.3275862068965517 16
1758870094741 0.32142857142857145 17
1758870132981 0.3157894736842105 18
1758870175203 0.3584905660377358 19
1758876423251 0.3275862068965517 20
