1758869008724 0.07307917316692668 0
1758869049206 0.06801555699601815 1
1758869086366 0.09858256555634302 2
1758869127861 0.11088566500963783 3
1758869168521 0.09972153232482878 4
1758869214754 0.06319757924500223 5
1758869268667 0.09839069471000637 6
1758869312239 0.1502873563218391 7
1758869354194 0.10952198118640814 8
1758869798203 0.11462288353001539 9
1758869840826 0.12502913073875555 10
1758869875154 0.06566223219533045 11
1758869911406 0.11290149317864433 12
1758869947426 0.1635933806146572 13
1758869983962 0.1409784324039979 14
1758870020045 0.11702127659574468 15
1758870056553 0.11689399377841589 16
1758870094616 0.11566694630872483 17
1758870132859 0.15688116486613435 18
1758870175074 0.1246912127984943 19
1758876423044 0.1285860655737705 20
