1758869008756 0.9666666666666667 0
1758869049250 0.95 1
1758869086412 0.95 2
1758869127905 0.95 3
1758869168565 0.9666666666666667 4
1758869214810 0.9333333333333333 5
1758869268735 0.9166666666666666 6
1758869312296 0.95 7
1758869354245 0.9666666666666667 8
1758869798305 0.9666666666666667 9
1758869840875 0.9166666666666666 10
1758869875206 0.9333333333333333 11
1758869911454 0.9166666666666666 12
1758869947478 0.9333333333333333 13
1758869984014 0.9166666666666666 14
1758870020096 0.9333333333333333 15
1758870056605 0.95 16
1758870094672 0.9666666666666667 17
1758870132913 0.9333333333333333 18
1758870175133 0.9666666666666667 19
1758876423140 0.95 20
