1758869008772 0.9523809523809523 0
1758869049271 0.9523809523809523 1
1758869086432 0.975609756097561 2
1758869127927 0.975609756097561 3
1758869168586 0.975609756097561 4
1758869214836 0.9523809523809523 5
1758869268766 0.9523809523809523 6
1758869312320 0.9523809523809523 7
1758869354268 0.975609756097561 8
1758869798338 0.975609756097561 9
1758869840899 0.975609756097561 10
1758869875232 0.975609756097561 11
1758869911478 0.975609756097561 12
1758869947503 0.975609756097561 13
1758869984038 0.975609756097561 14
1758870020122 1.0 15
1758870056631 0.975609756097561 16
1758870094698 1.0 17
1758870132939 1.0 18
1758870175162 0.975609756097561 19
1758876423184 1.0 20
