1758869008816 0.42696629213483145 0
1758869049323 0.4222222222222222 1
1758869086486 0.4523809523809524 2
1758869127980 0.475 3
1758869168638 0.3877551020408163 4
1758869214901 0.5205479452054794 5
1758869268838 0.4175824175824176 6
1758869312384 0.475 7
1758869354330 0.4935064935064935 8
1758869798415 0.4810126582278481 9
1758869840957 0.5507246376811594 10
1758869875294 0.5135135135135135 11
1758869911537 0.5 12
1758869947564 0.5 13
1758869984101 0.47368421052631576 14
1758870020182 0.48 15
1758870056693 0.48717948717948717 16
1758870094767 0.47368421052631576 17
1758870133007 0.4675324675324675 18
1758870175230 0.5205479452054794 19
1758876423295 0.48717948717948717 20
