1758869008749 0.7435897435897436 0
1758869049239 0.41605839416058393 1
1758869086401 0.75 2
1758869127894 0.6951219512195121 3
1758869168554 0.49572649572649574 4
1758869214796 0.6829268292682927 5
1758869268720 0.7971014492753623 6
1758869312284 0.75 7
1758869354232 0.7435897435897436 8
1758869798274 0.5918367346938775 9
1758869840863 0.7534246575342466 10
1758869875194 0.6829268292682927 11
1758869911442 0.7746478873239436 12
1758869947466 0.43410852713178294 13
1758869984000 0.625 14
1758870020085 0.7567567567567568 15
1758870056592 0.6951219512195121 16
1758870094659 0.6373626373626373 17
1758870132900 0.691358024691358 18
1758870175119 0.5631067961165048 19
1758876423117 0.5533980582524272 20
