1758869008741 0.1347718588446842 0
1758869049228 0.12592687840212594 1
1758869086391 0.17559805592375183 2
1758869127884 0.18861087144089733 3
1758869168543 0.17643142476697737 4
1758869214782 0.1163895486935867 5
1758869268704 0.1729086454322716 6
1758869312271 0.24065339928678248 7
1758869354220 0.18780347296518804 8
1758869798248 0.19463321136086426 9
1758869840851 0.2080465341735337 10
1758869875182 0.12019559902200488 11
1758869911430 0.19036406448107226 12
1758869947453 0.2569943055211686 13
1758869983987 0.22962407625575668 14
1758870020072 0.1985107314936487 15
1758870056579 0.1936378951540977 16
1758870094646 0.19575827491347947 17
1758870132887 0.24679802955665026 18
1758870175104 0.20715262849325777 19
1758876423095 0.21046011948433077 20
