1758869008854 0.6755855234444008 0
1758869049364 0.6109640024297093 1
1758869086527 0.6907737246820012 2
1758869128021 0.6812926092435909 3
1758869168681 0.5952877697329271 4
1758869214952 0.6284040770207129 5
1758869268892 0.6539755654388115 6
1758869312432 0.6462505670933806 7
1758869354378 0.6587715446188918 8
1758869798475 0.6699716716294384 9
1758869841005 0.7007451440309629 10
1758869875339 0.6597969433556516 11
1758869911585 0.6604053534894945 12
1758869947610 0.6413612872985439 13
1758869984149 0.672887681830501 14
1758870020233 0.640797359885966 15
1758870056743 0.6847339114221285 16
1758870094819 0.6278817583869019 17
1758870133057 0.6968532988642862 18
1758870175282 0.6854022672808366 19
1758876423390 0.6394052219462605 20
