1758869008873 91.30351748324594 0
1758869049384 93.45839554614165 1
1758869086547 94.0756044770073 2
1758869128042 94.7538687685915 3
1758869168702 95.21279674062757 4
1758869214977 95.7669247774807 5
1758869268919 96.15119737953864 6
1758869312457 96.4914869729273 7
1758869354402 96.84161487088672 8
1758869798509 97.21691725407132 9
1758869841029 97.54013449541073 10
1758869875362 97.69754736854289 11
1758869911608 97.8552496035742 12
1758869947634 97.98806671527946 13
1758869984173 98.17586258782134 14
1758870020256 98.21666261560007 15
1758870056769 98.2942116045696 16
1758870094845 98.39462018357119 17
1758870133082 98.42326701158605 18
1758870175307 98.44294362072758 19
1758876423442 98.55637348519046 20
