1758869008864 0.20006707158491568 0
1758869049374 0.13396483319639055 1
1758869086537 0.12256909261250662 2
1758869128031 0.11074596294960766 3
1758869168692 0.1030420373102512 4
1758869214964 0.09278787851730293 5
1758869268905 0.08654850705302562 6
1758869312444 0.07986455246133523 7
1758869354390 0.07250673016158139 8
1758869798490 0.0660039923005927 9
1758869841017 0.06061957166760867 10
1758869875350 0.055844884347278384 11
1758869911597 0.05368875031488844 12
1758869947622 0.050480134787956356 13
1758869984161 0.046708826882316284 14
1758870020244 0.04574545553609453 15
1758870056756 0.044491227689216394 16
1758870094832 0.042184177309531216 17
1758870133070 0.04122686121065204 18
1758870175294 0.0406582751532497 19
1758876423417 0.038531508759188 20
