1758930919126 0.1527193988027003 0
1758930951182 0.10691170595285657 1
1758930986353 0.20499461013295006 2
1758931022226 0.23399745654938534 3
1758931059748 0.15014526438117373 4
1758931094779 0.19193921374297984 5
1758931133905 0.20848640705363702 6
1758931169317 0.09072594184406689 7
1758931207614 0.2832269297736506 8
1758931244505 0.15000633472697328 9
1758931278418 0.17294117647058824 10
1758931314711 0.1537429895147525 11
1758931351510 0.15128968253968253 12
1758931388885 0.10201837744443572 13
1758931424777 0.1091849935316947 14
1758931462349 0.16463414634146342 15
