1758930919148 0.775 0
1758930951209 0.02727272727272727 1
1758930986382 0.3983050847457627 2
1758931022255 0.16943521594684385 3
1758931059779 0.5952380952380952 4
1758931094809 0.5257731958762887 5
1758931133936 0.7741935483870968 6
1758931169348 0.5978260869565217 7
1758931207646 0.7321428571428571 8
1758931244539 0.75 9
1758931278451 0.6506024096385542 10
1758931314746 0.4645669291338583 11
1758931351546 0.29292929292929293 12
1758931388920 0.23790322580645162 13
1758931424814 0.72 14
1758931462387 0.8888888888888888 15
