1758930919141 0.2502086811352254 0
1758930951200 0.18781583380123526 1
1758930986372 0.3126455678860118 2
1758931022246 0.3422725158890095 3
1758931059769 0.24995163474559876 4
1758931094799 0.2984461281623218 5
1758931133926 0.31628814267799915 6
1758931169337 0.16253609239653513 7
1758931207635 0.37690673875265496 8
1758931244528 0.24600041554124247 9
1758931278440 0.2756357670221493 10
1758931314735 0.25385002516356314 11
1758931351535 0.24905583341839338 12
1758931388909 0.17959352965574452 13
1758931424802 0.18997599039615845 14
1758931462374 0.2655045256453235 15
