1758930919133 0.6918638199653779 0
1758930951191 0.7720715522215811 1
1758930986363 0.6583958453548759 2
1758931022236 0.6370455856895557 3
1758931059759 0.7455279861511829 4
1758931094790 0.6705135603000577 5
1758931133916 0.654933641084824 6
1758931169327 0.7795729948066936 7
1758931207625 0.5631852279284478 8
1758931244517 0.6832083092902481 9
1758931278430 0.6785920369301789 10
1758931314723 0.7276399307559146 11
1758931351523 0.7039815349105597 12
1758931388897 0.7495672244662435 13
1758931424791 0.7305251009809579 14
1758931462362 0.6855164454702828 15
