1758930919164 0.62 0
1758930951227 0.052941176470588235 1
1758930986400 0.5280898876404494 2
1758931022275 0.28254847645429365 3
1758931059800 0.6944444444444444 4
1758931094828 0.6496815286624203 5
1758931133956 0.7868852459016393 6
1758931169368 0.7236842105263158 7
1758931207667 0.7068965517241379 8
1758931244560 0.7741935483870968 9
1758931278472 0.7552447552447552 10
1758931314770 0.6310160427807486 11
1758931351571 0.4496124031007752 12
1758931388944 0.38311688311688313 13
1758931424839 0.8 14
1758931462412 0.9105691056910569 15
