1758930919244 0.37404173622704506 0
1758930951320 0.2481514020543647 1
1758930986495 0.4824328053910065 2
1758931022372 0.4174950626661915 3
1758931059901 0.547212549171342 4
1758931094928 0.6048959449386493 5
1758931134059 0.6044184614997115 6
1758931169473 0.6324261334137018 7
1758931207772 0.6659441833573153 8
1758931241769 0.6111004810973562 9
1758931278583 0.6595893215920883 10
1758931314883 0.586697980834869 11
1758931351685 0.6232276915466017 12
1758931389064 0.4844774642460048 13
1758931424959 0.667328531412565 14
1758931462541 0.6904418351353365 15
