1758930919262 88.31469842702872 0
1758930951339 88.80429876037363 1
1758930986515 88.68392421033138 2
1758931022392 88.95650311932127 3
1758931059921 89.19840966700232 4
1758931094948 89.40038427260205 5
1758931134080 89.58673333564823 6
1758931169494 89.22155861893353 7
1758931207794 90.162852876836 8
1758931241790 90.2395337801081 9
1758931278605 90.7774575506094 10
1758931314907 90.24126995150294 11
1758931351707 90.43774668101902 12
1758931389089 90.76327881755154 13
1758931424982 90.68891280947255 14
1758931462566 90.69498940935449 15
