1758930919253 0.6533064685988723 0
1758930951329 0.5581860834079001 1
1758930986505 0.5089328801989796 2
1758931022382 0.4883843663979874 3
1758931059911 0.46752981227650137 4
1758931094938 0.44652526321894215 5
1758931134069 0.4391837979647055 6
1758931169483 0.42089008644671627 7
1758931207783 0.40367604564310533 8
1758931241779 0.3957652072737821 9
1758931278594 0.3808267312117042 10
1758931314895 0.38741970211051885 11
1758931351696 0.3830499515381935 12
1758931389076 0.37876329835965644 13
1758931424971 0.37204646557685916 14
1758931462553 0.361162486446297 15
