1758919788701 0.057498239849800514 0
1758919886688 0.17302559271471188 1
1758919988009 0.26144794064978255 2
1758920086657 0.04221449527328045 3
1758920188029 0.08699736940999624 4
1758920285878 0.16771631982475355 5
1758920377749 0.2614362381804242 6
1758920467352 0.14402298850574713 7
1758920552970 0.3303723949436283 8
1758920639020 0.08924542491852594 9
1758920724436 0.1516293774319066 10
1758920822051 0.09108999871613814 11
1758920916884 0.7352459016393442 12
1758921014568 0.12572681345915546 13
1758921112656 0.11981526664342977 14
1758921209475 0.11517229842756775 15
