1758919788739 0.37209302325581395 0
1758919886745 0.13008130081300814 1
1758919988072 0.2981366459627329 2
1758920086713 0.22522522522522523 3
1758920188086 0.5165562913907285 4
1758920285931 0.1161928306551298 5
1758920377805 0.09407337723424271 6
1758920467407 0.3827751196172249 7
1758920553024 0.21714285714285714 8
1758920639077 0.544 9
1758920724493 0.3142857142857143 10
1758920822110 0.03153745072273324 11
1758920916951 0.5196850393700787 12
1758921014632 0.3346938775510204 13
1758921112720 0.34959349593495936 14
1758921209538 0.29553264604810997 15
