1758919788709 0.8482400461627236 0
1758919886702 0.6358915175995383 1
1758919988024 0.5897287939988459 2
1758920086669 0.8967109059434507 3
1758920188042 0.8015002885170225 4
1758920285890 0.706866705135603 5
1758920377761 0.5903058280438546 6
1758920467363 0.7230236583958454 7
1758920552981 0.5579919215233698 8
1758920639033 0.8216964800923254 9
1758920724448 0.7195614541257934 10
1758920822063 0.8188113098672821 11
1758920916901 0.517599538372764 12
1758921014581 0.7611079053664166 13
1758921112670 0.7934218118869013 14
1758921209489 0.7945758799769186 15
