1758919788724 0.2857142857142857 0
1758919886725 0.07207207207207207 1
1758919988047 0.2376237623762376 2
1758920086691 0.15432098765432098 3
1758920188066 0.42857142857142855 4
1758920285911 0.06275033377837116 5
1758920377784 0.049850448654037885 6
1758920467385 0.2684563758389262 7
1758920553003 0.1310344827586207 8
1758920639056 0.5230769230769231 9
1758920724470 0.22 10
1758920822087 0.01602136181575434 11
1758920916924 0.4925373134328358 12
1758921014606 0.22162162162162163 13
1758921112695 0.23118279569892472 14
1758921209515 0.18614718614718614 15
