1758919788716 0.10769625260998571 0
1758919886714 0.2720315971365095 1
1758919988036 0.36228287841191065 2
1758920086680 0.0806330263328577 3
1758920188055 0.15695802022713148 4
1758920285900 0.2711076684740511 5
1758920377773 0.36238044633368754 6
1758920467374 0.24019936739192946 7
1758920552991 0.4150214592274678 8
1758920639044 0.1610040137938832 9
1758920724459 0.25047705132067893 10
1758920822074 0.16394200219513605 11
1758920916913 0.6075177785303082 12
1758921014594 0.21580497382198952 13
1758921112683 0.2081913846619729 14
1758921209503 0.20118343195266272 15
