1758919788825 0.2934887193706908 0
1758919886852 0.3444225795899035 1
1758919988181 0.35967011177148045 2
1758920086819 0.3261716503116166 3
1758920188192 0.45234992114710143 4
1758920286035 0.4054600998258362 5
1758920377909 0.4055764789993003 6
1758920467515 0.4232250343881322 7
1758920553129 0.4380607702508092 8
1758920639183 0.4797081375445428 9
1758920724603 0.446285886454612 10
1758920822227 0.28165986736388615 11
1758920917071 0.589638094444275 12
1758921014751 0.46565532583015756 13
1758921112847 0.4690878403169173 14
1758921209666 0.4302074131310187 15
