1758919788845 85.66674768799842 0
1758919886872 89.00772017546906 1
1758919988202 88.31411970323043 2
1758920086842 88.99267335671378 3
1758920188217 89.90445270090396 4
1758920286057 90.53005312684468 5
1758920377929 89.57631630727919 6
1758920467535 90.2178316376726 7
1758920553150 89.95653784274917 8
1758920639204 91.08678542079008 9
1758920724624 89.90821440559279 10
1758920822250 89.92036760535667 11
1758920917095 90.17413799090247 12
1758921014775 90.19555077143882 13
1758921112870 90.82780652105976 14
1758921209692 90.61541488709099 15
