1758919788835 0.7100316410870464 0
1758919886862 0.6118366426603731 1
1758919988192 0.615847542053261 2
1758920086831 0.5532041257900979 3
1758920188203 0.5596603065466991 4
1758920286047 0.5480782788540064 5
1758920377919 0.5468670141608971 6
1758920467525 0.5327219634078857 7
1758920553139 0.5316278195291482 8
1758920639194 0.5122710270699355 9
1758920724613 0.529702282537344 10
1758920822238 0.5260525786429127 11
1758920917083 0.5116179650780934 12
1758921014763 0.5187025654744098 13
1758921112858 0.4986197074370769 14
1758921209679 0.4899264941881066 15
