1758939900315 1.0 0
1758939991884 1.0 1
1758940080592 1.0 2
1758940171643 1.0 3
1758940257430 1.0 4
1758940340254 1.0 5
1758940427262 1.0 6
1758946300884 0.975 7
1758946390094 1.0 8
1758946480023 1.0 9
1758946575799 1.0 10
1758946664941 1.0 11
1758946755156 1.0 12
1758946844773 1.0 13
1758946933829 1.0 14
1758947022920 1.0 15
1758947112393 1.0 16
1758947221895 1.0 17
1758947321007 1.0 18
1758947410967 1.0 19
1758947499930 1.0 20
1758947588926 1.0 21
1758947701898 1.0 22
1758947795424 1.0 23
1758947882379 1.0 24
1758947969976 1.0 25
1758948059057 1.0 26
1758948147561 1.0 27
1758948236681 1.0 28
1758948331723 1.0 29
