1758939900294 0.8666666666666667 0
1758939991858 0.21666666666666667 1
1758940080560 0.16666666666666666 2
1758940171603 0.6166666666666667 3
1758940257401 0.5666666666666667 4
1758940340225 0.5 5
1758940427230 0.85 6
1758946300856 0.38333333333333336 7
1758946390065 0.6833333333333333 8
1758946479994 0.7333333333333333 9
1758946575766 0.55 10
1758946664908 0.8166666666666667 11
1758946755123 0.7 12
1758946844737 0.55 13
1758946933793 0.26666666666666666 14
1758947022883 0.8833333333333333 15
1758947112356 0.6166666666666667 16
1758947221858 0.45 17
1758947320968 0.85 18
1758947410929 0.7833333333333333 19
1758947499891 0.7333333333333333 20
1758947588887 0.7333333333333333 21
1758947701856 0.7166666666666667 22
1758947795382 0.7666666666666667 23
1758947882337 0.6333333333333333 24
1758947969936 0.75 25
1758948059016 0.9333333333333333 26
1758948147520 0.8333333333333334 27
1758948236637 1.0 28
1758948331677 0.9166666666666666 29
