1758939900279 0.23643724696356275 0
1758939991839 0.11700561149361245 1
1758940080537 0.5650092081031307 2
1758940171577 0.2183699870633894 3
1758940257383 0.09947062283510881 4
1758940340205 0.11077987560266461 5
1758940427209 0.5376653248993675 6
1758946300838 0.20746758319012654 7
1758946390045 0.1689575477435835 8
1758946479974 0.39225352112676054 9
1758946575743 0.33188026736413834 10
1758946664885 0.2607570365577483 11
1758946755101 0.21631000578369 12
1758946844714 0.30975898854207823 13
1758946933770 0.24294969512195122 14
1758947022859 0.18455419290686112 15
1758947112332 0.30934566725615564 16
1758947221833 0.24223840551935608 17
1758947320940 0.4777833250124813 18
1758947410903 0.15997638724911453 19
1758947499866 0.20475265281721716 20
1758947588861 0.3313119361041266 21
1758947701829 0.35206611570247937 22
1758947795355 0.13726917129082145 23
1758947882310 0.1921409400591838 24
1758947969908 0.27164759231267543 25
1758948058988 0.16749881122206373 26
1758948147492 0.2583920430998757 27
1758948236608 0.14653032860121115 28
1758948331648 0.39188427578433216 29
