1758939900365 0.0 0
1758939991938 0.0 1
1758940080653 0.0 2
1758940171725 0.0 3
1758940257489 0.65 4
1758940340311 0.0 5
1758940427326 0.2 6
1758946300937 0.8 7
1758946390151 0.7 8
1758946480083 0.8 9
1758946575867 0.6 10
1758946665008 0.7 11
1758946755225 0.75 12
1758946844844 0.45 13
1758946933902 0.75 14
1758947022994 0.75 15
1758947112466 0.75 16
1758947221970 0.9 17
1758947321081 0.9 18
1758947411045 0.95 19
1758947500007 0.75 20
1758947589005 0.65 21
1758947701976 0.95 22
1758947795507 1.0 23
1758947882462 0.9 24
1758947970056 0.9 25
1758948059143 0.8 26
1758948147645 0.9 27
1758948236767 0.9 28
1758948331814 0.7 29
