1758939900300 0.02819192193006235 0
1758939991867 0.3561643835616438 1
1758940080570 0.2777777777777778 2
1758940171615 0.08286674132138858 3
1758940257411 0.4563758389261745 4
1758940340235 0.19543973941368079 5
1758940427240 0.0670611439842209 6
1758946300865 0.38016528925619836 7
1758946390074 0.23563218390804597 8
1758946480003 0.1588447653429603 9
1758946575777 0.6470588235294118 10
1758946664919 0.23902439024390243 11
1758946755134 0.4077669902912621 12
1758946844749 0.35106382978723405 13
1758946933805 0.41025641025641024 14
1758947022896 0.06768837803320563 15
1758947112368 0.3627450980392157 16
1758947221870 0.5346534653465347 17
1758947320980 0.2582278481012658 18
1758947410941 0.07309486780715396 19
1758947499904 0.4036697247706422 20
1758947588901 0.7272727272727273 21
1758947701869 0.38738738738738737 22
1758947795396 0.2340966921119593 23
1758947882351 0.5205479452054794 24
1758947969949 0.36885245901639346 25
1758948059030 0.04765957446808511 26
1758948147533 0.31446540880503143 27
1758948236651 0.021398002853067047 28
1758948331691 0.22916666666666666 29
