1758939900270 0.6739757645701097 0
1758939991829 0.8482400461627236 1
1758940080527 0.4425851125216388 2
1758940171562 0.7305251009809579 3
1758940257372 0.8782458165031737 4
1758940340195 0.8684362377380266 5
1758940427198 0.5395268320830929 6
1758946300828 0.7663012117714946 7
1758946390035 0.8015002885170225 8
1758946479964 0.6428159261396422 9
1758946575732 0.6589728793998846 10
1758946664874 0.6976341604154646 11
1758946755090 0.7553375649163301 12
1758946844701 0.6785920369301789 13
1758946933757 0.7357184073860358 14
1758947022847 0.8032313906520485 15
1758947112320 0.6560877091748413 16
1758947221821 0.7293710328909405 17
1758947320927 0.5522215810732833 18
1758947410890 0.7818811309867282 19
1758947499853 0.790536641661858 20
1758947588849 0.6462781304096942 21
1758947701812 0.6145412579342181 22
1758947795340 0.8707443739180611 23
1758947882295 0.8055395268320831 24
1758947969895 0.7259088286208887 25
1758948058973 0.8130409694171956 26
1758948147478 0.7195614541257934 27
1758948236593 0.8517022504327756 28
1758948331633 0.6018465089440277 29
