1758939900346 0.0 0
1758939991921 0.0 1
1758940080633 0.0 2
1758940171704 0.0 3
1758940257469 0.0 4
1758940340292 0.0 5
1758940427304 0.0 6
1758946300920 0.0 7
1758946390131 0.0 8
1758946480064 0.0 9
1758946575845 0.0 10
1758946664986 0.0 11
1758946755203 0.0 12
1758946844821 0.0 13
1758946933878 0.0 14
1758947022969 0.0 15
1758947112442 0.0 16
1758947221946 0.0 17
1758947321058 0.0 18
1758947411020 0.0 19
1758947499983 0.0 20
1758947588979 0.0 21
1758947701951 0.0 22
1758947795479 0.0 23
1758947882434 0.0 24
1758947970030 0.0 25
1758948059115 0.0 26
1758948147617 0.017094017094017096 27
1758948236738 0.06060606060606061 28
1758948331782 0.0 29
