1758939900375 0.0 0
1758939991947 0.0 1
1758940080663 0.0 2
1758940171741 0.0 3
1758940257500 0.2653061224489796 4
1758940340320 0.0 5
1758940427336 0.3076923076923077 6
1758946300946 0.7441860465116279 7
1758946390160 0.717948717948718 8
1758946480093 0.38095238095238093 9
1758946575880 0.75 10
1758946665020 0.56 11
1758946755236 0.625 12
1758946844858 0.5806451612903226 13
1758946933914 0.39473684210526316 14
1758947023005 0.7142857142857143 15
1758947112478 0.5454545454545454 16
1758947221983 0.72 17
1758947321094 0.9 18
1758947411058 0.8260869565217391 19
1758947500020 0.8333333333333334 20
1758947589018 0.7027027027027027 21
1758947701990 0.7916666666666666 22
1758947795521 0.7142857142857143 23
1758947882476 0.9230769230769231 24
1758947970070 0.8571428571428571 25
1758948059158 0.3106796116504854 26
1758948147659 0.41379310344827586 27
1758948236782 0.5625 28
1758948331830 0.8235294117647058 29
