1758939900338 0.0 0
1758939991910 0.0 1
1758940080623 0.0 2
1758940171692 0.0 3
1758940257459 0.0 4
1758940340283 0.0 5
1758940427294 0.0 6
1758946300911 0.0 7
1758946390122 0.0 8
1758946480054 0.0 9
1758946575834 0.0 10
1758946664975 0.0 11
1758946755192 0.0 12
1758946844809 0.0 13
1758946933867 0.0 14
1758947022957 0.0 15
1758947112430 0.0 16
1758947221933 0.0 17
1758947321045 0.0 18
1758947411007 0.0 19
1758947499969 0.0 20
1758947588966 0.0 21
1758947701937 0.0 22
1758947795466 0.0 23
1758947882420 0.0 24
1758947970016 0.0 25
1758948059099 0.0 26
1758948147603 0.05 27
1758948236724 0.1 28
1758948331767 0.0 29
