1758939900263 0.1433656560697189 0
1758939991819 0.06283662477558348 1
1758940080514 0.7810590631364562 2
1758940171552 0.1283715270736159 3
1758940257362 0.052720911704596626 4
1758940340184 0.05916345624656026 5
1758940427186 0.5358166189111748 6
1758946300818 0.11997470412864758 7
1758946390023 0.09443198042015093 8
1758946479953 0.28223967570306563 9
1758946575720 0.22179063895902118 10
1758946664861 0.16034482758620688 11
1758946755078 0.12622950819672132 12
1758946844689 0.2006825938566553 13
1758946933745 0.1454981170831907 14
1758947022834 0.1042540443379269 15
1758947112305 0.20238519045923817 16
1758947221807 0.14523727450304494 17
1758947320914 0.42102947646282446 18
1758947410875 0.08910370224238838 19
1758947499840 0.11760666151600996 20
1758947588835 0.22275258552108193 21
1758947701795 0.24669909659485753 22
1758947795323 0.07450748037327803 23
1758947882281 0.10907954367869979 24
1758947969881 0.1670872625846726 25
1758948058958 0.0933669074282685 26
1758948147463 0.1574693774466473 27
1758948236578 0.08016075598761745 28
1758948331618 0.2905292479108635 29
