1758939900354 0.0 0
1758939991930 0.0 1
1758940080643 0.0 2
1758940171714 0.0 3
1758940257479 0.16666666666666666 4
1758940340301 0.0 5
1758940427316 0.6666666666666666 6
1758946300929 0.6956521739130435 7
1758946390141 0.7368421052631579 8
1758946480073 0.25 9
1758946575856 1.0 10
1758946664997 0.4666666666666667 11
1758946755214 0.5357142857142857 12
1758946844832 0.8181818181818182 13
1758946933890 0.26785714285714285 14
1758947022981 0.6818181818181818 15
1758947112454 0.42857142857142855 16
1758947221958 0.6 17
1758947321069 0.9 18
1758947411032 0.7307692307692307 19
1758947499995 0.9375 20
1758947588992 0.7647058823529411 21
1758947701963 0.6785714285714286 22
1758947795493 0.5555555555555556 23
1758947882447 0.9473684210526315 24
1758947970043 0.8181818181818182 25
1758948059129 0.1927710843373494 26
1758948147631 0.26865671641791045 27
1758948236753 0.4090909090909091 28
1758948331797 1.0 29
