1758939900286 0.014329016257922293 0
1758939991848 1.0 1
1758940080548 0.8333333333333334 2
1758940171590 0.04441776710684274 3
1758940257392 0.38202247191011235 4
1758940340215 0.1214574898785425 5
1758940427219 0.03490759753593429 6
1758946300847 0.3770491803278688 7
1758946390055 0.1423611111111111 8
1758946479984 0.08906882591093117 9
1758946575755 0.7857142857142857 10
1758946664897 0.14 11
1758946755112 0.2876712328767123 12
1758946844726 0.2578125 13
1758946933781 0.8888888888888888 14
1758947022872 0.0351925630810093 15
1758947112344 0.2569444444444444 16
1758947221846 0.6585365853658537 17
1758947320954 0.15223880597014924 18
1758947410916 0.03833605220228385 19
1758947499879 0.27848101265822783 20
1758947588875 0.7213114754098361 21
1758947701843 0.2654320987654321 22
1758947795369 0.13813813813813813 23
1758947882323 0.4418604651162791 24
1758947969922 0.24456521739130435 25
1758948059002 0.02445414847161572 26
1758948147505 0.1937984496124031 27
1758948236622 0.010814708002883922 28
1758948331663 0.13095238095238096 29
