1758939900323 0.8791208791208791 0
1758939991893 0.9876543209876543 1
1758940080603 1.0 2
1758940171658 0.7407407407407407 3
1758940257439 1.0 4
1758940340264 0.9523809523809523 5
1758940427272 1.0 6
1758946300893 0.9873417721518988 7
1758946390103 0.9876543209876543 8
1758946480033 1.0 9
1758946575810 1.0 10
1758946664952 1.0 11
1758946755169 0.9876543209876543 12
1758946844785 1.0 13
1758946933842 0.9876543209876543 14
1758947022933 0.975609756097561 15
1758947112407 0.9876543209876543 16
1758947221908 0.9876543209876543 17
1758947321019 0.9876543209876543 18
1758947410981 0.9523809523809523 19
1758947499943 0.9876543209876543 20
1758947588940 0.9876543209876543 21
1758947701912 0.9876543209876543 22
1758947795438 1.0 23
1758947882392 0.9876543209876543 24
1758947969989 0.9876543209876543 25
1758948059071 0.9876543209876543 26
1758948147575 0.975609756097561 27
1758948236695 1.0 28
1758948331738 0.975609756097561 29
