1758939900330 0.0 0
1758939991902 0.0 1
1758940080613 0.0 2
1758940171670 0.0 3
1758940257450 0.0 4
1758940340273 0.0 5
1758940427283 0.0 6
1758946300902 0.0 7
1758946390112 0.0 8
1758946480044 0.0 9
1758946575823 0.0 10
1758946664964 0.0 11
1758946755181 0.0 12
1758946844797 0.0 13
1758946933854 0.0 14
1758947022945 0.0 15
1758947112418 0.0 16
1758947221920 0.0 17
1758947321032 0.0 18
1758947410994 0.0 19
1758947499956 0.0 20
1758947588953 0.0 21
1758947701924 0.0 22
1758947795452 0.0 23
1758947882407 0.0 24
1758947970003 0.0 25
1758948059085 0.0 26
1758948147589 0.010309278350515464 27
1758948236710 0.043478260869565216 28
1758948331752 0.0 29
