1758939900307 0.7843137254901961 0
1758939991875 0.975609756097561 1
1758940080581 1.0 2
1758940171629 0.5882352941176471 3
1758940257420 1.0 4
1758940340246 0.9090909090909091 5
1758940427252 1.0 6
1758946300874 1.0 7
1758946390084 0.975609756097561 8
1758946480014 1.0 9
1758946575788 1.0 10
1758946664930 1.0 11
1758946755145 0.975609756097561 12
1758946844761 1.0 13
1758946933817 0.975609756097561 14
1758947022908 0.9523809523809523 15
1758947112380 0.975609756097561 16
1758947221883 0.975609756097561 17
1758947320993 0.975609756097561 18
1758947410954 0.9090909090909091 19
1758947499917 0.975609756097561 20
1758947588913 0.975609756097561 21
1758947701883 0.975609756097561 22
1758947795410 1.0 23
1758947882365 0.975609756097561 24
1758947969962 0.975609756097561 25
1758948059043 0.975609756097561 26
1758948147547 0.9523809523809523 27
1758948236665 1.0 28
1758948331708 0.9523809523809523 29
