1758939900383 0.22875000960290084 0
1758939991955 0.29216486320858215 1
1758940080675 0.3685573971761817 2
1758940171757 0.20839549382510372 3
1758940257510 0.3642305168420526 4
1758940340330 0.25172011347945955 5
1758940427346 0.3824837553151792 6
1758946300955 0.46383213822197034 7
1758946390169 0.4220385541176004 8
1758946480102 0.3864101334844204 9
1758946575890 0.54578781817871 10
1758946665031 0.4119562853603302 11
1758946755248 0.44734626341252126 12
1758946844869 0.448293595923927 13
1758946933926 0.40711945369425584 14
1758947023017 0.3884276082646684 15
1758947112490 0.4410399263475142 16
1758947221995 0.496909238370709 17
1758947321107 0.5247330988202803 18
1758947411071 0.40230783279179205 19
1758947500033 0.48588200638176937 20
1758947589031 0.5497883374134421 21
1758947702004 0.5037548981488376 22
1758947795535 0.417130315537699 23
1758947882490 0.5246840258658482 24
1758947970083 0.4970594458919161 25
1758948059172 0.30269846366565767 26
1758948147673 0.3958708657089522 27
1758948236795 0.3582068784120677 28
1758948331846 0.4840380220626532 29
