1758939900401 87.16593168744285 0
1758939991972 88.18911536280194 1
1758940080698 88.90789032026575 2
1758940171781 88.70794124796 3
1758940257530 89.31704804564973 4
1758940340349 89.03347338449252 5
1758940427366 89.0760095836661 6
1758946300973 89.52075882264431 7
1758946390189 89.76932069400559 8
1758946480123 90.21001886639583 9
1758946575912 90.53526164102921 10
1758946665053 90.64203618181187 11
1758946755271 91.79977314027107 12
1758946844894 91.06566200215285 13
1758946933949 91.51330486012246 14
1758947023041 91.08678542079008 15
1758947112514 91.04135560262509 16
1758947222020 90.43051263354052 17
1758947321132 91.47510908943597 18
1758947411096 90.22593377084853 19
1758947500059 90.83301503524427 20
1758947589059 90.63190851534196 21
1758947702033 90.6394319247196 22
1758947795563 91.20947486602545 23
1758947882520 91.04222368832251 24
1758947970110 90.75459796057733 25
1758948059200 90.54278505040685 26
1758948147702 91.10472585853675 27
1758948236825 91.21294720881512 28
1758948331879 90.95425767098395 29
