1758939900392 0.7491388503437931 0
1758939991964 0.6205240641649882 1
1758940080687 0.6117135587598508 2
1758940171770 0.5956256774137728 3
1758940257520 0.5830974585459464 4
1758940340339 0.5666887867576615 5
1758940427356 0.5519672116089216 6
1758946300964 0.5430694063817565 7
1758946390179 0.5462706064728641 8
1758946480113 0.5266313494452172 9
1758946575901 0.50836439735282 10
1758946665042 0.5054837839707249 11
1758946755259 0.4898847958579211 12
1758946844881 0.5149516081365895 13
1758946933938 0.524771638009611 14
1758947023029 0.5250819468356376 15
1758947112502 0.49406820400109236 16
1758947222008 0.49972627474676334 17
1758947321119 0.4774653744263816 18
1758947411083 0.5112875852947278 19
1758947500046 0.4809151667522922 20
1758947589045 0.5221813713722103 21
1758947702019 0.4884211298423233 22
1758947795549 0.4850391697162693 23
1758947882504 0.4660922881473218 24
1758947970097 0.473387401539841 25
1758948059185 0.46547503955696745 26
1758948147686 0.4660548178355761 27
1758948236809 0.4541293911134859 28
1758948331862 0.4572101383708866 29
