1758889266910 0.045941807044410414 0
1758889403338 0.03911735205616851 1
1758889540603 0.0521978021978022 2
1758889680653 0.05090909090909091 3
1758889826641 0.2624113475177305 4
1758889962906 0.25547445255474455 5
1758890106271 0.21649484536082475 6
1758890250822 0.23741007194244604 7
1758890386575 0.11209439528023599 8
1758890523378 0.5068493150684932 9
1758890658556 0.2154696132596685 10
1758890818225 0.1762295081967213 11
1758890953867 0.13707165109034267 12
1758891094414 0.2636363636363636 13
1758891197713 0.3888888888888889 14
1758891305428 0.37735849056603776 15
1758891474740 0.08630952380952381 16
1758891617125 0.06456456456456457 17
