1758889266937 0.9523809523809523 0
1758889403373 1.0 1
1758889540638 1.0 2
1758889680693 1.0 3
1758889826677 1.0 4
1758889962942 0.975609756097561 5
1758890106306 0.975609756097561 6
1758890250860 1.0 7
1758890386614 0.975609756097561 8
1758890523422 0.975609756097561 9
1758890658593 0.975609756097561 10
1758890818262 1.0 11
1758890953910 0.975609756097561 12
1758891094458 0.9523809523809523 13
1758891197748 1.0 14
1758891305465 0.975609756097561 15
1758891474788 0.975609756097561 16
1758891617172 0.975609756097561 17
