1758889266927 0.08415147265077139 0
1758889403362 0.07379375591296121 1
1758889540626 0.09644670050761421 2
1758889680679 0.09491525423728814 3
1758889826664 0.3681592039800995 4
1758889962930 0.3553299492385787 5
1758890106295 0.33070866141732286 6
1758890250848 0.3316582914572864 7
1758890386601 0.19047619047619047 8
1758890523409 0.556390977443609 9
1758890658581 0.3236514522821577 10
1758890818251 0.28289473684210525 11
1758890953896 0.23097112860892388 12
1758891094442 0.3411764705882353 13
1758891197737 0.42424242424242425 14
1758891305453 0.4819277108433735 15
1758891474773 0.14646464646464646 16
1758891617153 0.1184573002754821 17
