1758889266889 0.8517022504327756 0
1758889403313 0.847663012117715 1
1758889540578 0.7097518753606463 2
1758889680624 0.7022504327755338 3
1758889826617 0.582804385458742 4
1758889962883 0.8730525100980958 5
1758890106245 0.8066935949221004 6
1758890250796 0.742065781881131 7
1758890386548 0.8026543566070398 8
1758890523349 0.7841892671667628 9
1758890658523 0.7928447778418927 10
1758890818199 0.8678592036930178 11
1758890953840 0.5556837853433353 12
1758891094384 0.7836122331217542 13
1758891197689 0.7668782458165032 14
1758891305403 0.6433929601846509 15
1758891474706 0.7963069821119446 16
1758891617090 0.65666474321985 17
