1758889266919 0.5 0
1758889403350 0.65 1
1758889540614 0.6333333333333333 2
1758889680666 0.7 3
1758889826653 0.6166666666666667 4
1758889962918 0.5833333333333334 5
1758890106283 0.7 6
1758890250835 0.55 7
1758890386588 0.6333333333333333 8
1758890523395 0.6166666666666667 9
1758890658569 0.65 10
1758890818238 0.7166666666666667 11
1758890953881 0.7333333333333333 12
1758891094428 0.48333333333333334 13
1758891197725 0.4666666666666667 14
1758891305440 0.6666666666666666 15
1758891474757 0.48333333333333334 16
1758891617139 0.7166666666666667 17
