1758889266900 0.12066710268149117 0
1758889403324 0.10882287576857545 1
1758889540591 0.23273415326395458 2
1758889680639 0.2771578228194033 3
1758889826629 0.4 4
1758889962895 0.09071287247436896 5
1758890106259 0.15741470555117668 6
1758890250810 0.2224143894846074 7
1758890386561 0.17087402493704318 8
1758890523364 0.16667688722634452 9
1758890658538 0.17551255029699175 10
1758890818212 0.13299142276063314 11
1758890953853 0.4448036951501155 12
1758891094400 0.1838115863562534 13
1758891197701 0.19318264408750635 14
1758891305416 0.3343829659619133 15
1758891474723 0.19585580471189326 16
1758891617108 0.3277177825773938 17
