1758889267020 0.0 0
1758889403460 0.09523809523809523 1
1758889540735 0.0 2
1758889680787 0.0 3
1758889826784 0.46153846153846156 4
1758889963040 0.4 5
1758890106403 0.42857142857142855 6
1758890250969 0.26666666666666666 7
1758890386710 0.509090909090909 8
1758890523524 0.013756209400076424 9
1758890658693 0.5333333333333333 10
1758890818377 0.7368421052631579 11
1758890954027 0.5714285714285714 12
1758891094571 0.4262295081967213 13
1758891197838 0.41379310344827586 14
1758891305568 0.5135135135135135 15
1758891474909 0.5625 16
1758891617299 0.6229508196721312 17
