1758889266878 0.0649333509304474 0
1758889403301 0.05814367702355037 1
1758889540564 0.13918750707253594 2
1758889680610 0.17264860263867216 3
1758889826604 0.30449201085318056 4
1758889962870 0.047841897233201584 5
1758890106231 0.08721691933370765 6
1758890250779 0.13081070084426813 7
1758890386534 0.0956145174594446 8
1758890523334 0.09324825030876904 9
1758890658508 0.09867854064923873 10
1758890818178 0.07201340675125688 11
1758890953824 0.37081247593376976 12
1758891094367 0.10411715096220195 13
1758891197676 0.11051056045235323 14
1758891305390 0.22589141004862237 15
1758891474685 0.1116595193785905 16
1758891617071 0.21834228702993091 17
