1758889266956 0.975609756097561 0
1758889403396 1.0 1
1758889540663 1.0 2
1758889680719 1.0 3
1758889826705 1.0 4
1758889962965 0.9876543209876543 5
1758890106330 0.9876543209876543 6
1758890250886 0.8888888888888888 7
1758890386638 0.9876543209876543 8
1758890523449 0.9876543209876543 9
1758890658621 0.9876543209876543 10
1758890818291 1.0 11
1758890953938 0.9876543209876543 12
1758891094486 0.975609756097561 13
1758891197772 0.18181818181818182 14
1758891305491 0.9876543209876543 15
1758891474819 0.9876543209876543 16
1758891617204 0.9876543209876543 17
