1758889266999 0.0 0
1758889403440 1.0 1
1758889540708 0.0 2
1758889680763 0.0 3
1758889826758 1.0 4
1758889963013 1.0 5
1758890106378 0.3333333333333333 6
1758890250942 0.24 7
1758890386685 0.4 8
1758890523500 0.006931074316519061 9
1758890658669 0.8 10
1758890818351 0.7777777777777778 11
1758890953998 0.4444444444444444 12
1758891094539 0.3170731707317073 13
1758891197816 0.6666666666666666 14
1758891305542 0.35185185185185186 15
1758891474880 0.4090909090909091 16
1758891617268 0.4634146341463415 17
