1758889267030 0.23608566628596472 0
1758889403471 0.25557094538392644 1
1758889540746 0.26583617075431376 2
1758889680799 0.2744146154113383 3
1758889826796 0.4459395331037122 4
1758889963052 0.36673942854012037 5
1758890106416 0.38086982330551644 6
1758890250982 0.3419256472994899 7
1758890386723 0.3716190890983594 8
1758890523537 0.34489567901153684 9
1758890658706 0.4040303313800274 10
1758890818391 0.4305456529731792 11
1758890954043 0.44697154323505295 12
1758891094584 0.3853654642477542 13
1758891197849 0.24260727071927762 14
1758891305580 0.4634957022612909 15
1758891474922 0.37849495443283876 16
1758891617315 0.4113560447025323 17
