1758889267053 89.73575471370533 0
1758889403493 88.9206222438279 1
1758889540769 88.93248608169264 2
1758889680822 90.06909962151464 3
1758889826822 89.71752491405951 4
1758889963077 88.0426982418371 5
1758890106439 88.55573688901235 6
1758890251010 89.52278435593828 7
1758890386749 89.70189937150596 8
1758890523564 89.38591617764506 9
1758890658731 89.79391645543248 10
1758890818419 90.16314223873515 11
1758890954074 89.88853779645126 12
1758891094608 89.87638459668739 13
1758891197873 90.36222322534347 14
1758891305605 89.84281861638715 15
1758891474951 90.84343206361332 16
1758891617345 89.91631653876871 17
