1758889267041 0.7408100063903947 0
1758889403481 0.6201795475823908 1
1758889540758 0.6023914592059467 2
1758889680810 0.5991923570434597 3
1758889826810 0.5765243113585058 4
1758889963064 0.6094044125587162 5
1758890106427 0.570081153881167 6
1758890250997 0.5571879315525465 7
1758890386736 0.5308951850214766 8
1758890523549 0.5444690882700874 9
1758890658718 0.516317617031142 10
1758890818405 0.5249011511002081 11
1758890954058 0.5200540930409571 12
1758891094596 0.515866552009161 13
1758891197861 0.5213517325678495 14
1758891305592 0.5376691521838721 15
1758891474936 0.5174016969539742 16
1758891617329 0.5281589294854483 17
