1758928264125 0.021895601770757032 0
1758928318459 0.02369105765280504 1
1758928383304 0.02244916949704555 2
1758928441084 0.02231431303793433 3
1758928504401 0.03596249310535025 4
1758928565648 0.02989883851629824 5
1758928629201 0.030716325697965844 6
1758928694192 0.09499358151476252 7
1758928758487 0.0407076874902145 8
1758928821194 0.04396529633561518 9
1758928881545 0.05437511206741976 10
1758928945307 0.04961268904463298 11
1758929007237 0.032945860895253996 12
1758929068559 0.04783549105043729 13
1758929129476 0.09847248998961887 14
1758929190964 0.08557888868240104 15
1758929252937 0.02577602099284184 16
1758929314945 0.06813495009486101 17
1758929377102 0.05205673758865248 18
1758929437852 0.03662660631600853 19
1758929498868 0.09499913479840803 20
1758929560209 0.05727456064534716 21
