1758928264293 0.0029455081001472753 0
1758928318655 0.0 1
1758928383550 0.0009149130832570906 2
1758928441309 0.0 3
1758928504616 0.00036636746656896867 4
1758928565877 0.0016313213703099511 5
1758928629537 0.0 6
1758928694416 0.0 7
1758928758727 0.0005868544600938967 8
1758928821446 0.0 9
1758928881811 0.0 10
1758928945565 0.0 11
1758929007489 0.0 12
1758929068808 0.0012974375608173856 13
1758929129755 0.0 14
1758929191268 0.0 15
1758929253223 0.0 16
1758929315212 0.0014635931211123307 17
1758929377383 0.0009406231628453851 18
1758929438115 0.0 19
1758929499150 0.002239869680309509 20
1758929557568 0.0011580775911986102 21
