1758928264199 0.0008795074758135445 0
1758928318550 0.0 1
1758928383440 0.0 2
1758928441173 0.05102040816326531 3
1758928504502 0.13043478260869565 4
1758928565748 0.012998830105290524 5
1758928629415 0.17391304347826086 6
1758928694294 0.14713896457765668 7
1758928758590 0.15286624203821655 8
1758928821318 0.3870967741935484 9
1758928881676 0.16260162601626016 10
1758928945428 0.3310344827586207 11
1758929007348 0.1867881548974943 12
1758929068675 0.12089356110381078 13
1758929129591 0.47058823529411764 14
1758929191105 0.21428571428571427 15
1758929253069 0.5168539325842697 16
1758929315063 0.10795454545454546 17
1758929377222 0.057002457002457 18
1758929437970 0.13821138211382114 19
1758929499001 0.10467289719626169 20
1758929560352 0.28969359331476324 21
