1758928264142 0.7934218118869013 0
1758928318478 0.2994806693594922 1
1758928383325 0.5568378534333526 2
1758928441103 0.8078476630121177 3
1758928504421 0.5643392960184651 4
1758928565667 0.4604731679169071 5
1758928629226 0.608193883439123 6
1758928694212 0.25620311598384304 7
1758928758507 0.4500865551067513 8
1758928821215 0.6930178880553952 9
1758928881566 0.6999422965954991 10
1758928945330 0.7761107905366417 11
1758929007260 0.8880553952683208 12
1758929068581 0.8805539526832084 13
1758929129498 0.3831506058857473 14
1758929190987 0.5314483554529718 15
1758929252964 0.8955568378534333 16
1758929314969 0.4766301211771495 17
1758929377125 0.6353144835545297 18
1758929437876 0.812463935372187 19
1758929498895 0.6335833814195038 20
1758929560239 0.5735718407386036 21
