1758928264185 0.016666666666666666 0
1758928318530 0.0 1
1758928383421 0.0 2
1758928441155 0.08333333333333333 3
1758928504477 0.2 4
1758928565729 0.8333333333333334 5
1758928629392 0.3 6
1758928694272 0.45 7
1758928758568 0.6 8
1758928821286 0.4 9
1758928881649 0.5 10
1758928945402 0.8 11
1758929007327 0.6833333333333333 12
1758929068653 0.7666666666666667 13
1758929129568 0.6 14
1758929191068 0.55 15
1758929253044 0.7666666666666667 16
1758929315040 0.95 17
1758929377198 0.9666666666666667 18
1758929437946 0.85 19
1758929498971 0.9333333333333333 20
1758929560323 0.8666666666666667 21
