1758928264244 0.003952569169960474 0
1758928318605 0.0 1
1758928383492 0.14965986394557823 2
1758928441229 0.125 3
1758928504560 0.6299212598425197 4
1758928565807 0.6846846846846847 5
1758928629474 0.6299212598425197 6
1758928694357 0.8571428571428571 7
1758928758654 0.95 8
1758928821379 0.9873417721518988 9
1758928881741 0.9512195121951219 10
1758928945497 0.9620253164556962 11
1758929007424 0.9876543209876543 12
1758929068741 0.9876543209876543 13
1758929129676 1.0 14
1758929191196 0.9876543209876543 15
1758929253149 0.9876543209876543 16
1758929315134 1.0 17
1758929377303 0.975 18
1758929438044 0.975 19
1758929499075 0.9333333333333333 20
1758929560439 0.9523809523809523 21
