1758928264309 0.0 0
1758928318672 0.0 1
1758928383567 0.0 2
1758928441327 0.0005720823798627002 3
1758928504637 0.006944444444444444 4
1758928565905 0.0 5
1758928629556 0.0007524454477050414 6
1758928694434 0.0 7
1758928758747 0.0 8
1758928821481 0.0 9
1758928881834 0.003798670465337132 10
1758928945588 0.0380952380952381 11
1758929007512 0.004092769440654843 12
1758929068831 0.0 13
1758929129779 0.08695652173913043 14
1758929191295 0.017759562841530054 15
1758929253247 0.17777777777777778 16
1758929315235 0.04329004329004329 17
1758929377409 0.125 18
1758929438139 0.13636363636363635 19
1758929499174 0.021065675340768277 20
1758929557602 0.1111111111111111 21
