1758928264212 0.00205761316872428 0
1758928318567 0.0 1
1758928383458 0.08661417322834646 2
1758928441192 0.06666666666666667 3
1758928504520 0.45977011494252873 4
1758928565768 0.5352112676056338 5
1758928629433 0.45977011494252873 6
1758928694317 0.8918918918918919 7
1758928758611 0.95 8
1758928821340 1.0 9
1758928881698 0.9285714285714286 10
1758928945452 0.9743589743589743 11
1758929007377 0.975609756097561 12
1758929068698 0.975609756097561 13
1758929129620 1.0 14
1758929191143 0.975609756097561 15
1758929253098 0.975609756097561 16
1758929315086 1.0 17
1758929377246 0.975 18
1758929437995 0.975 19
1758929499026 1.0 20
1758929560378 0.9090909090909091 21
