1758928264340 0.0 0
1758928318707 0.0 1
1758928383607 0.0 2
1758928441365 0.0011312217194570137 3
1758928504675 0.012987012987012988 4
1758928565949 0.0 5
1758928629599 0.0014825796886582653 6
1758928694474 0.0 7
1758928758791 0.0 8
1758928821540 0.0 9
1758928881882 0.007455731593662628 10
1758928945635 0.064 11
1758929007558 0.00796812749003984 12
1758929068878 0.0 13
1758929129825 0.14285714285714285 14
1758929191358 0.034574468085106384 15
1758929253301 0.24615384615384617 16
1758929315282 0.0796812749003984 17
1758929377459 0.2 18
1758929438189 0.14285714285714285 19
1758929499224 0.041112454655380895 20
1758929557654 0.1686746987951807 21
