1758928264169 0.00045167118337850043 0
1758928318513 0.0 1
1758928383391 0.0 2
1758928441138 0.03676470588235294 3
1758928504459 0.0967741935483871 4
1758928565709 0.0065505043888379405 5
1758928629364 0.12244897959183673 6
1758928694253 0.08794788273615635 7
1758928758548 0.08759124087591241 8
1758928821263 0.375 9
1758928881622 0.0970873786407767 10
1758928945380 0.20869565217391303 11
1758929007303 0.10817941952506596 12
1758929068626 0.06562054208273894 13
1758929129544 0.3870967741935484 14
1758929191034 0.13306451612903225 15
1758929253013 0.3898305084745763 16
1758929315016 0.0572289156626506 17
1758929377175 0.029367088607594936 18
1758929437922 0.0752212389380531 19
1758929498946 0.055445544554455446 20
1758929560297 0.17391304347826086 21
