1758928264260 0.0014947683109118087 0
1758928318621 0.0 1
1758928383511 0.0004616805170821791 2
1758928441248 0.0 3
1758928504580 0.00018385732671446958 4
1758928565826 0.0008291873963515755 5
1758928629494 0.0 6
1758928694376 0.0 7
1758928758678 0.00029400235201881614 8
1758928821400 0.0 9
1758928881762 0.0 10
1758928945519 0.0 11
1758929007445 0.0 12
1758929068762 0.000652954619653934 13
1758929129704 0.0 14
1758929191220 0.0 15
1758929253174 0.0 16
1758929315163 0.0007371913011426465 17
1758929377332 0.0004714201532115498 18
1758929438068 0.0 19
1758929499101 0.0011222199551112018 20
1758929557490 0.0005858230814294083 21
