1758928264155 0.042615177201655016 0
1758928318496 0.04390862944162437 1
1758928383344 0.043158389051633536 2
1758928441121 0.04342903230809796 3
1758928504439 0.06761615044247787 4
1758928565691 0.05615170812370263 5
1758928629318 0.058479207701056954 6
1758928694232 0.13859840799125955 7
1758928758528 0.07466258255958648 8
1758928821235 0.08268502581755593 9
1758928881594 0.10091094380433427 10
1758928945353 0.09326353014596263 11
1758929007282 0.06353465714403667 12
1758929068603 0.09074151156567759 13
1758929129522 0.15667767815007078 14
1758929191012 0.14741896758703482 15
1758929252987 0.050109776572387965 16
1758929314994 0.11922632794457275 17
1758929377150 0.09622864134947341 18
1758929437899 0.07009334163036714 19
1758929498919 0.16522458806711307 20
1758929560266 0.10414920368818105 21
