1758928264356 0.010078552389515261 0
1758928318723 0.008781725888324873 1
1758928383624 0.03874663321609377 2
1758928441384 0.044116132438164056 3
1758928504694 0.168265114669455 4
1758928565969 0.15109330885679756 5
1758928629620 0.17275921814209916 6
1758928694502 0.22857604594235464 7
1758928758814 0.2356231358115794 8
1758928821563 0.29142471443260065 9
1758928881903 0.24443756272187578 10
1758928945662 0.2900646658720559 11
1758929007578 0.24918905210384504 12
1758929068900 0.24011736624359203 13
1758929129849 0.35402461126026624 14
1758929191383 0.2767866941891019 15
1758929253324 0.3601543752596316 16
1758929315306 0.2616651482841258 17
1758929377484 0.26583434430295516 18
1758929438213 0.2652323733202662 19
1758929499248 0.2493166285864797 20
1758929557679 0.3032113051540552 21
