1758928264373 4.307928665234026 0
1758928318743 2.2396097366402183 1
1758928383643 2.1745837419068854 2
1758928441403 1.9970063064001558 3
1758928504716 1.8250553165117898 4
1758928565988 1.768784996535793 5
1758928629640 1.7259517240872737 6
1758928694529 1.6966854590562006 7
1758928758837 1.6486429370840185 8
1758928821592 1.6187601128004254 9
1758928881923 1.5873584395267728 10
1758928945686 1.498637131889805 11
1758929007602 1.4959815518391626 12
1758929068922 1.5128488104064788 13
1758929129875 1.4112298265351875 14
1758929191409 1.4524015443274145 15
1758929253347 1.41991884462647 16
1758929315330 1.411622227589483 17
1758929377509 1.344102621767907 18
1758929438237 1.3581247357212094 19
1758929499277 1.3606361971262735 20
1758929557708 1.3201514233278897 21
