1758928264390 56.527425720800494 0
1758928318760 57.19990277440189 1
1758928383660 57.801486162713985 2
1758928441430 61.47725036748961 3
1758928504736 64.464333252312 4
1758928566009 66.0645045545563 5
1758928629660 67.69621630380685 6
1758928694551 69.06113638205031 7
1758928758860 69.31895783418406 8
1758928821619 70.23652441635704 9
1758928881948 70.7886269199162 10
1758928945708 71.74323182517911 11
1758929007623 72.21055129229025 12
1758929068946 72.04330011458731 13
1758929129899 72.28665347176407 14
1758929191432 72.49788765813628 15
1758929253375 73.41371806891443 16
1758929315364 73.15271363589014 17
1758929377536 73.78120768082225 18
1758929438261 73.86512263157286 19
1758929499304 73.26845839554615 20
1758929557732 74.37411021216015 21
