1758931489521 0.0 0
1758931513593 0.0 1
1758931538047 0.0 2
1758931565201 0.0 3
1758931589291 0.0 4
1758931613817 0.0 5
1758931638646 0.0 6
1758931662522 0.0 7
1758931687954 0.0 8
1758931715102 0.0 9
1758931738896 0.0 10
1758931766697 0.25 11
1758931790566 0.01335559265442404 12
1758931814669 0.22033898305084745 13
1758931838379 0.34210526315789475 14
1758931864963 0.2375 15
1758931889016 0.21176470588235294 16
1758939677385 0.29310344827586204 17
1758939705485 0.3090909090909091 18
1758939726434 0.34615384615384615 19
1758939746271 0.2318840579710145 20
1758939769403 0.2289156626506024 21
1758939790314 0.16964285714285715 22
1758939810681 0.2535211267605634 23
