1758931489452 0.11127480717566514 0
1758931513508 0.17124202403917496 1
1758931537959 0.07352395098403268 2
1758931565111 0.22910630710942723 3
1758931589200 0.2911169744942832 4
1758931613720 0.06023754509708541 5
1758931638547 0.13769271664008506 6
1758931662420 0.10646782040035091 7
1758931687851 0.25675675675675674 8
1758931715001 0.11924020721621376 9
1758931738793 0.21786143372046457 10
1758931766590 0.15370347471250154 11
1758931790459 0.15471886298466525 12
1758931814561 0.061232950541022346 13
1758931838272 0.07752397370972955 14
1758931864851 0.1478017974253097 15
1758931888905 0.2427487728692548 16
1758939677263 0.1702908782829709 17
1758939705378 0.15196887526526762 18
1758939726325 0.16908742121129078 19
1758939746163 0.1290448343079922 20
1758939769291 0.10948487326246933 21
1758939790197 0.1843960760269773 22
1758939810563 0.07229214151223863 23
