1758931489469 0.19349005424954793 0
1758931513528 0.2724268177525968 1
1758931537979 0.1346677030703459 2
1758931565131 0.33054662379421224 3
1758931589221 0.38608087091757387 4
1758931613742 0.11256722975532156 5
1758931638570 0.2325372598312085 6
1758931662446 0.18707959641255606 7
1758931687873 0.35817769244196196 8
1758931715024 0.20603015075376885 9
1758931738816 0.3234725732124275 10
1758931766615 0.25315682281059065 11
1758931790483 0.25445970883740004 12
1758931814585 0.11425698151156494 13
1758931838296 0.14180832717418082 14
1758931864875 0.24420587940202668 15
1758931888929 0.3501206757843926 16
1758939677293 0.27362450368689734 17
1758939705402 0.25237395986294664 18
1758939726349 0.27328092127117704 19
1758939746188 0.22079546402067873 20
1758939769316 0.1917925947146029 21
1758939790224 0.2913891243793145 22
1758939810589 0.13315080994752454 23
