1758931489491 0.2841225626740947 0
1758931513555 0.782608695652174 1
1758931538008 0.47115384615384615 2
1758931565162 0.7903225806451613 3
1758931589251 0.23935091277890466 4
1758931613774 0.6404494382022472 5
1758931638603 0.8181818181818182 6
1758931662480 0.4028268551236749 7
1758931687905 0.10861423220973783 8
1758931715057 0.42962962962962964 9
1758931738849 0.8292682926829268 10
1758931766650 0.28211586901763225 11
1758931790518 0.3525835866261398 12
1758931814621 0.7466666666666667 13
1758931838332 0.6973684210526315 14
1758931864913 0.43346007604562736 15
1758931888966 0.6835443037974683 16
1758939677332 0.6625766871165644 17
1758939705437 0.7651006711409396 18
1758939726386 0.7724137931034483 19
1758939746223 0.7581699346405228 20
1758939769352 0.5846153846153846 21
1758939790261 0.6627906976744186 22
1758939810630 0.6589595375722543 23
