1758931489537 0.0 0
1758931513613 0.0 1
1758931538067 0.0 2
1758931565222 0.0 3
1758931589312 0.0 4
1758931613838 0.0 5
1758931638669 0.0 6
1758931662544 0.0 7
1758931687984 0.0 8
1758931715124 0.0 9
1758931738922 0.0 10
1758931766720 0.08333333333333333 11
1758931790588 0.025848142164781908 12
1758931814692 0.3291139240506329 13
1758931838403 0.4482758620689655 14
1758931864988 0.38 15
1758931889040 0.34285714285714286 16
1758939677411 0.4358974358974359 17
1758939705511 0.4533333333333333 18
1758939726457 0.5 19
1758939746296 0.3595505617977528 20
1758939769427 0.36893203883495146 21
1758939790340 0.2878787878787879 22
1758939810706 0.3956043956043956 23
