1758931489498 1.0 0
1758931513565 1.0 1
1758931538018 1.0 2
1758931565172 1.0 3
1758931589261 0.8695652173913043 4
1758931613784 1.0 5
1758931638614 1.0 6
1758931662491 1.0 7
1758931687917 1.0 8
1758931715068 1.0 9
1758931738860 1.0 10
1758931766662 1.0 11
1758931790530 1.0 12
1758931814633 1.0 13
1758931838344 1.0 14
1758931864925 1.0 15
1758931888979 1.0 16
1758939677345 1.0 17
1758939705449 1.0 18
1758939726398 0.9523809523809523 19
1758939746235 1.0 20
1758939769365 1.0 21
1758939790275 1.0 22
1758939810643 1.0 23
