1758931489513 1.0 0
1758931513584 1.0 1
1758931538037 1.0 2
1758931565191 1.0 3
1758931589280 0.9302325581395349 4
1758931613806 1.0 5
1758931638635 1.0 6
1758931662512 1.0 7
1758931687941 1.0 8
1758931715091 1.0 9
1758931738885 1.0 10
1758931766685 1.0 11
1758931790554 1.0 12
1758931814657 1.0 13
1758931838368 1.0 14
1758931864950 1.0 15
1758931889003 1.0 16
1758939677372 1.0 17
1758939705472 1.0 18
1758939726422 0.975609756097561 19
1758939746259 1.0 20
1758939769391 1.0 21
1758939790302 0.9873417721518988 22
1758939810668 1.0 23
