1758931489460 0.7409117137911136 0
1758931513519 0.6658972879399885 1
1758931537969 0.7997691863819966 2
1758931565122 0.5931909982688979 3
1758931589210 0.5729948066935949 4
1758931613731 0.8574725908828621 5
1758931638559 0.7472590882862089 6
1758931662434 0.7703404500865552 7
1758931687862 0.5920369301788806 8
1758931715013 0.757068667051356 9
1758931738805 0.6278130409694171 10
1758931766602 0.7172533179457588 11
1758931790471 0.7160992498557415 12
1758931814573 0.8522792844777842 13
1758931838284 0.8303519907674553 14
1758931864863 0.7022504327755338 15
1758931888918 0.6278130409694171 16
1758939677279 0.6959030582804385 17
1758939705390 0.743796884016157 18
1758939726337 0.7120600115406809 19
1758939746176 0.7639930755914599 20
1758939769304 0.7726485862665897 21
1758939790211 0.6941719561454126 22
1758939810576 0.8418926716676284 23
