1758931489529 0.0 0
1758931513603 0.0 1
1758931538057 0.0 2
1758931565212 0.0 3
1758931589301 0.0 4
1758931613828 0.0 5
1758931638658 0.0 6
1758931662533 0.0 7
1758931687970 0.0 8
1758931715113 0.0 9
1758931738909 0.0 10
1758931766709 0.05 11
1758931790577 0.4 12
1758931814680 0.65 13
1758931838391 0.65 14
1758931864975 0.95 15
1758931889028 0.9 16
1758939677399 0.85 17
1758939705498 0.85 18
1758939726445 0.9 19
1758939746283 0.8 20
1758939769415 0.95 21
1758939790327 0.95 22
1758939810694 0.9 23
