1758931489483 0.85 0
1758931513546 0.75 1
1758931537998 0.8166666666666667 2
1758931565152 0.8166666666666667 3
1758931589241 0.9833333333333333 4
1758931613763 0.95 5
1758931638593 0.9 6
1758931662469 0.95 7
1758931687894 0.9666666666666667 8
1758931715046 0.9666666666666667 9
1758931738838 0.85 10
1758931766639 0.9333333333333333 11
1758931790506 0.9666666666666667 12
1758931814609 0.9333333333333333 13
1758931838320 0.8833333333333333 14
1758931864900 0.95 15
1758931888954 0.9 16
1758939677319 0.9 17
1758939705425 0.95 18
1758939726373 0.9333333333333333 19
1758939746211 0.9666666666666667 20
1758939769340 0.95 21
1758939790249 0.95 22
1758939810617 0.95 23
