1758931489562 0.0 0
1758931513642 0.0 1
1758931538097 0.375 2
1758931565252 0.5185185185185185 3
1758931589341 0.9230769230769231 4
1758931613869 0.918918918918919 5
1758931638702 0.9523809523809523 6
1758931662575 0.9473684210526315 7
1758931688021 0.8888888888888888 8
1758931715157 0.918918918918919 9
1758931738975 1.0 10
1758931766754 1.0 11
1758931790623 0.975609756097561 12
1758931814727 0.75 13
1758931838440 1.0 14
1758931865025 1.0 15
1758931889077 1.0 16
1758939677455 1.0 17
1758939705546 1.0 18
1758939726492 0.9473684210526315 19
1758939746331 0.9523809523809523 20
1758939769463 0.9743589743589743 21
1758939790380 0.9743589743589743 22
1758939810748 1.0 23
