1758931489477 0.1705685618729097 0
1758931513537 0.8181818181818182 1
1758931537988 0.3310810810810811 2
1758931565142 0.765625 3
1758931589231 0.13625866050808313 4
1758931613753 0.4830508474576271 5
1758931638582 0.75 6
1758931662458 0.2556053811659193 7
1758931687883 0.057539682539682536 8
1758931715036 0.2761904761904762 9
1758931738827 0.8095238095238095 10
1758931766627 0.1661721068249258 11
1758931790494 0.21561338289962825 12
1758931814597 0.6222222222222222 13
1758931838308 0.5760869565217391 14
1758931864887 0.28078817733990147 15
1758931888941 0.5510204081632653 16
1758939677307 0.5242718446601942 17
1758939705413 0.6404494382022472 18
1758939726360 0.6588235294117647 19
1758939746199 0.6236559139784946 20
1758939769328 0.4222222222222222 21
1758939790237 0.5089285714285714 22
1758939810602 0.504424778761062 23
