1758931489545 0.0 0
1758931513622 0.0 1
1758931538077 0.2727272727272727 2
1758931565232 1.0 3
1758931589321 0.9473684210526315 4
1758931613848 1.0 5
1758931638680 0.9090909090909091 6
1758931662554 1.0 7
1758931687997 1.0 8
1758931715135 1.0 9
1758931738936 1.0 10
1758931766732 1.0 11
1758931790600 0.9523809523809523 12
1758931814704 1.0 13
1758931838415 1.0 14
1758931865000 1.0 15
1758931889053 1.0 16
1758939677424 1.0 17
1758939705523 1.0 18
1758939726468 1.0 19
1758939746308 0.9090909090909091 20
1758939769439 1.0 21
1758939790353 1.0 22
1758939810722 1.0 23
