1758931489571 0.2955225233847285 0
1758931513651 0.4110071026809542 1
1758931538107 0.3961643098448384 2
1758931565262 0.5278775445915784 3
1758931589351 0.4957482529825873 4
1758931613879 0.5343871173752975 5
1758931638712 0.6006200060787957 6
1758931662586 0.5074549745177726 7
1758931688033 0.47113616270811776 8
1758931715168 0.5109157398604636 9
1758931738991 0.6305481731790709 10
1758931766766 0.5237212050323112 11
1758931790635 0.5217002387451766 12
1758931814739 0.5880075144457729 13
1758931838453 0.6574905220591555 14
1758931862090 0.6115331910895307 15
1758931889089 0.6753044244878008 16
1758939677470 0.6744197253401796 17
1758939705558 0.6941615928674439 18
1758939726504 0.6937345783049635 19
1758939746343 0.6581793825679814 20
1758939769477 0.6239397985047827 21
1758939790392 0.6407518712886788 22
1758939810762 0.6375429486248348 23
