1758931489579 0.7009547823806362 0
1758931513660 0.5761935705088372 1
1758931538116 0.5216137124672187 2
1758931565272 0.49659170923789064 3
1758931589361 0.47476837265714833 4
1758931613890 0.4576458303086218 5
1758931638723 0.4609251395327091 6
1758931662596 0.4781772816237666 7
1758931688045 0.446348875345645 8
1758931715179 0.44164837453091793 9
1758931739007 0.4431588419164203 10
1758931766778 0.43733537188813054 11
1758931790647 0.4277550397508269 12
1758931814751 0.42806127997287724 13
1758931838465 0.4459052269192223 14
1758931862103 0.40411955625081813 15
1758931889101 0.41022803996389956 16
1758939677484 0.4102604421934639 17
1758939705570 0.4094642737158574 18
1758939726515 0.3922528578846336 19
1758939746355 0.39844810614215764 20
1758939769489 0.41971282197899806 21
1758939790405 0.391209357314424 22
1758939810775 0.420815039416926 23
