1758931489588 88.22123453360649 0
1758931513670 88.99759250899916 1
1758931538126 89.62435038253643 2
1758931565282 89.48950773753718 3
1758931589372 89.84918457816822 4
1758931613901 89.88766971075384 5
1758931638734 90.18571246686807 6
1758931662607 89.77221431299698 7
1758931688056 90.36424875863746 8
1758931715190 90.83735546373138 9
1758931739025 90.57027443082515 10
1758931766789 89.96898040441219 11
1758931790659 89.7369121613019 12
1758931814762 89.62782272532611 13
1758931838477 90.26181464634189 14
1758931862116 90.19410396194313 15
1758931889113 90.47854670879777 16
1758939677498 90.21869972337002 17
1758939705581 90.26875933192125 18
1758939726527 90.51732120328252 19
1758939746367 90.39318494855145 20
1758939769501 90.52166163176962 21
1758939790418 90.89551720545852 22
1758939810788 90.80292139773371 23
