1759002278879 0.8701673398730525 0
1759002300511 0.6826312752452395 1
1759002321535 0.6301211771494518 2
1759002342921 0.7749567224466244 3
1759002367778 0.5914598961338718 4
1759002389228 0.753606462781304 5
1759002410433 0.8222735141373341 6
1759002431991 0.8372763993075591 7
1759002456085 0.7034045008655511 8
1759002477564 0.6999422965954991 9
1759002501036 0.7201384881708021 10
1759002522524 0.6358915175995383 11
1759002546253 0.7455279861511829 12
1759002570991 0.7224466243508367 13
1759002593262 0.7109059434506636 14
1759002614918 0.676860934795153 15
1759002636842 0.6399307559145989 16
1759002661381 0.7547605308713214 17
1759002682997 0.6064627813040969 18
