1759002278886 0.09035350509286998 0
1759002300522 0.24226909686668033 1
1759002321545 0.33060853769300635 2
1759002342931 0.17717678100263853 3
1759002367788 0.37607778389286367 4
1759002389239 0.22834163825509224 5
1759002410444 0.13380281690140844 6
1759002432002 0.12172308208548299 7
1759002456097 0.2715224412518098 8
1759002477576 0.2764672364672365 9
1759002501048 0.23857770980692028 10
1759002522535 0.34796337227660246 11
1759002546267 0.23032355824939835 12
1759002571004 0.23938814531548758 13
1759002593275 0.26021755201182806 14
1759002614931 0.29771573604060914 15
1759002636855 0.31708363116511795 16
1759002661394 0.21798183484709607 17
1759002683010 0.32293747119373173 18
