1759002278896 0.6052631578947368 0
1759002300532 0.21722846441947566 1
1759002321555 0.8653846153846154 2
1759002342941 0.45454545454545453 3
1759002367798 0.21739130434782608 4
1759002389250 0.7777777777777778 5
1759002410455 0.75 6
1759002432013 0.7971014492753623 7
1759002456109 0.9111111111111111 8
1759002477587 0.44881889763779526 9
1759002501058 0.5955056179775281 10
1759002522547 0.6756756756756757 11
1759002546280 0.6835443037974683 12
1759002571017 0.819672131147541 13
1759002593287 0.4014084507042254 14
1759002614944 0.43089430894308944 15
1759002636867 0.11089108910891089 16
1759002661407 0.8679245283018868 17
1759002683022 0.40441176470588236 18
