1759002278903 0.7666666666666667 0
1759002300542 0.9666666666666667 1
1759002321565 0.75 2
1759002342953 0.9166666666666666 3
1759002367809 0.8333333333333334 4
1759002389260 0.8166666666666667 5
1759002410467 0.9 6
1759002432024 0.9166666666666666 7
1759002456119 0.6833333333333333 8
1759002477598 0.95 9
1759002501070 0.8833333333333333 10
1759002522558 0.8333333333333334 11
1759002546293 0.9 12
1759002571028 0.8333333333333334 13
1759002593299 0.95 14
1759002614957 0.8833333333333333 15
1759002636879 0.9333333333333333 16
1759002661420 0.7666666666666667 17
1759002683036 0.9166666666666666 18
