1759002278911 0.6764705882352942 0
1759002300551 0.3547400611620795 1
1759002321574 0.8035714285714286 2
1759002342962 0.6077348066298343 3
1759002367819 0.3448275862068966 4
1759002389270 0.7967479674796748 5
1759002410477 0.8181818181818182 6
1759002432034 0.8527131782945736 7
1759002456130 0.780952380952381 8
1759002477609 0.6096256684491979 9
1759002501081 0.7114093959731543 10
1759002522569 0.746268656716418 11
1759002546305 0.7769784172661871 12
1759002571041 0.8264462809917356 13
1759002593312 0.5643564356435643 14
1759002614970 0.5792349726775956 15
1759002636891 0.19823008849557522 16
1759002661433 0.8141592920353983 17
1759002683048 0.5612244897959183 18
