1759002278868 0.04765064619079218 0
1759002300501 0.14726752147392008 1
1759002321523 0.22409193515288323 2
1759002342910 0.100022343040143 3
1759002367767 0.2756858526089295 4
1759002389216 0.13455594477642696 5
1759002410420 0.07282669801195892 6
1759002431979 0.06563235028044147 7
1759002456071 0.16823074799889595 8
1759002477552 0.17225220107923886 9
1759002501025 0.14297170351701227 10
1759002522512 0.23951314931536621 11
1759002546239 0.13620071684587814 12
1759002570978 0.1434628165463504 13
1759002593249 0.1592554291623578 14
1759002614905 0.1908247925817472 15
1759002636827 0.21075636640060813 16
1759002661368 0.12738605375925205 17
1759002682984 0.22005862646566166 18
