1759002278988 0.0 0
1759002300635 0.0 1
1759002321659 0.09523809523809523 2
1759002343049 0.7096774193548387 3
1759002367909 0.43956043956043955 4
1759002389361 0.8235294117647058 5
1759002410569 0.9473684210526315 6
1759002432130 0.9090909090909091 7
1759002456229 0.7096774193548387 8
1759002477709 0.8888888888888888 9
1759002501181 0.9302325581395349 10
1759002522672 0.95 11
1759002546414 0.975609756097561 12
1759002571148 0.975609756097561 13
1759002593419 1.0 14
1759002615079 0.975609756097561 15
1759002636998 0.3669724770642202 16
1759002661549 1.0 17
1759002683162 0.918918918918919 18
