1759002278997 0.3533648186656328 0
1759002300644 0.28606849827241865 1
1759002321669 0.4458836123005061 2
1759002343059 0.4964486655949932 3
1759002367919 0.4296240261295708 4
1759002389371 0.5697238034998946 5
1759002410580 0.5798706112271717 6
1759002432140 0.5767054338941932 7
1759002456240 0.5524304483118059 8
1759002477719 0.5549963587610647 9
1759002501193 0.5760439327839219 10
1759002522683 0.610751167703366 11
1759002546425 0.5965823463226293 12
1759002571160 0.6082888364809568 13
1759002593432 0.5649147975310784 14
1759002615092 0.5705120929631532 15
1759002637010 0.383014616394163 16
1759002661562 0.6508726698209433 17
1759002683175 0.582838398203936 18
