1759002279006 0.7060193196216736 0
1759002300654 0.5560274537026244 1
1759002321678 0.5128736186387121 2
1759002343068 0.48038706324942826 3
1759002367931 0.480597448382587 4
1759002389381 0.4552322378644237 5
1759002410590 0.44717584958631995 6
1759002432151 0.45120856428048917 7
1759002456251 0.445249751530398 8
1759002477730 0.4529210739603042 9
1759002501203 0.4459400204634208 10
1759002522694 0.4350341527622745 11
1759002546436 0.4471017410354775 12
1759002571172 0.44539683153732096 13
1759002593444 0.43260618653359684 14
1759002615103 0.443591853027896 15
1759002637023 0.44757819712123215 16
1759002661574 0.42481439435539803 17
1759002683188 0.43269310787298576 18
