1759002279015 87.49493616676504 0
1759002300663 88.81095408405385 1
1759002321688 89.14198409667003 2
1759002343078 89.97303147100016 3
1759002367942 89.59483546882414 4
1759002389392 89.97389955669757 5
1759002410601 89.77597601768579 6
1759002432162 90.55464888827159 7
1759002456262 90.39839346273598 8
1759002477740 90.0572357836499 9
1759002501214 90.55059782168362 10
1759002522706 90.16227415303773 11
1759002546447 90.69412132365707 12
1759002571184 90.24445293239349 13
1759002593456 90.02424852714793 14
1759002615116 89.6718057339954 15
1759002637035 89.63737166799773 16
1759002661587 90.12581455374608 17
1759002683201 90.40707431971018 18
