1758902023652 0.027501185395922237 0
1758902066978 0.043478260869565216 1
1758902110022 0.003863738811256359 2
1758902152363 0.09021406727828746 3
1758902195230 0.11089866156787763 4
1758902238209 0.08027210884353742 5
1758902281274 0.08669656203288491 6
1758902324985 0.01246040126715945 7
1758902366671 0.19093851132686085 8
1758902410783 0.10196779964221825 9
1758902452351 0.5425531914893617 10
1758902495735 0.34545454545454546 11
1758902600269 0.27941176470588236 12
1758902642328 0.0547945205479452 13
1758902685589 0.16913946587537093 14
1758902729523 0.233201581027668 15
1758902778986 0.18012422360248448 16
1758902822666 0.29064039408866993 17
1758902867201 0.23046875 18
1758902912517 0.06097560975609756 19
