1758902023644 0.09733579530466896 0
1758902066967 0.0704820707670387 1
1758902110012 0.12989851678376269 2
1758902152355 0.05162523900573614 3
1758902195220 0.04648925056358938 4
1758902238200 0.050890205500917815 5
1758902281264 0.04177413644869266 6
1758902324975 0.03846414669541984 7
1758902366661 0.0469750112592633 8
1758902410772 0.044287539683585155 9
1758902452340 0.04320962056811113 10
1758902495724 0.04478289635847074 11
1758902600258 0.043525598825138 12
1758902642317 0.049478125693981787 13
1758902685578 0.043710972346119537 14
1758902729511 0.05269176233819695 15
1758902778974 0.03971554764108392 16
1758902822654 0.05018514484861686 17
1758902867189 0.0506221512215855 18
1758902912505 0.04403524857375713 19
