1758902023665 0.053480866758875055 0
1758902066996 0.08315098468271334 1
1758902110041 0.007697735582782732 2
1758902152381 0.16526610644257703 3
1758902195248 0.19897084048027444 4
1758902238229 0.14842767295597484 5
1758902281293 0.15912208504801098 6
1758902325005 0.024608967674661104 7
1758902366690 0.31978319783197834 8
1758902410805 0.1841680129240711 9
1758902452371 0.6623376623376623 10
1758902495758 0.5066666666666667 11
1758902600290 0.4318181818181818 12
1758902642352 0.1038961038961039 13
1758902685612 0.2871536523929471 14
1758902729550 0.3769968051118211 15
1758902779010 0.3036649214659686 16
1758902822691 0.44866920152091255 17
1758902867227 0.37341772151898733 18
1758902912541 0.11494252873563218 19
