1758902023731 0.0007451333478220373 0
1758902067078 0.0031719376807538015 1
1758902110124 0.030303030303030304 2
1758902152464 0.15625 3
1758902195332 0.03710575139146568 4
1758902238317 0.018613308515588647 5
1758902281381 0.02242152466367713 6
1758902325095 0.6 7
1758902366779 0.182648401826484 8
1758902410902 0.5797101449275363 9
1758902452465 0.06153846153846154 10
1758902495854 0.19653179190751446 11
1758902600384 0.16129032258064516 12
1758902642450 0.027210884353741496 13
1758902685714 0.2222222222222222 14
1758902729670 0.2087912087912088 15
1758902779116 0.6451612903225806 16
1758902822798 0.8888888888888888 17
1758902867339 0.5194805194805194 18
1758902912649 0.43478260869565216 19
