1758902023631 0.051617415632103515 0
1758902066948 0.036753597345023155 1
1758902109992 0.07511058950979507 2
1758902152335 0.026509779474791554 3
1758902195199 0.02381187073153559 4
1758902238179 0.02612066059993259 5
1758902281244 0.021354981320854716 6
1758902324955 0.019694991527542432 7
1758902366640 0.024056471903830024 8
1758902410751 0.02266109463467242 9
1758902452318 0.022135047867218035 10
1758902495701 0.022906436629064365 11
1758902600235 0.02225098699113326 12
1758902642293 0.025390506290646084 13
1758902685554 0.022349062381901822 14
1758902729486 0.027060886995740416 15
1758902778950 0.020269300679230842 16
1758902822629 0.025740332479294525 17
1758902867163 0.025970705885891305 18
1758902912478 0.022514486620222672 19
