1758902023673 0.23391812865497075 0
1758902067004 0.25 1
1758902110050 0.046349942062572425 2
1758902152390 0.6451612903225806 3
1758902195257 0.3333333333333333 4
1758902238239 0.3448275862068966 5
1758902281302 0.9090909090909091 6
1758902325015 1.0 7
1758902366700 0.7692307692307693 8
1758902410817 0.43478260869565216 9
1758902452382 0.9523809523809523 10
1758902495768 0.31496062992125984 11
1758902600301 0.8163265306122449 12
1758902642363 0.8163265306122449 13
1758902685623 0.14545454545454545 14
1758902729561 1.0 15
1758902779022 0.6779661016949152 16
1758902822702 0.975609756097561 17
1758902867239 0.3508771929824561 18
1758902912553 0.39 19
