1758902023694 0.0006431419628692707 0
1758902067032 0.0005666150417406415 1
1758902110077 0.00037678227933448353 2
1758902152418 0.0027809586127924097 3
1758902195285 0.003212172442941674 4
1758902238269 0.002593286269989915 5
1758902281332 0.003093958638658199 6
1758902325045 0.002229902999219534 7
1758902366729 0.009009009009009009 8
1758902410851 0.002681343494213943 9
1758902452413 0.0015332720024532351 10
1758902495801 0.03792415169660679 11
1758902600332 0.013149243918474688 12
1758902642395 0.005344585091420534 13
1758902685657 0.022974607013301087 14
1758902729597 0.12413793103448276 15
1758902779057 0.012586532410320957 16
1758902822739 0.04279279279279279 17
1758902867276 0.04081632653061224 18
1758902912590 0.1258741258741259 19
