1758902023659 0.9666666666666667 0
1758902066987 0.95 1
1758902110032 1.0 2
1758902152372 0.9833333333333333 3
1758902195239 0.9666666666666667 4
1758902238219 0.9833333333333333 5
1758902281283 0.9666666666666667 6
1758902324995 0.9833333333333333 7
1758902366681 0.9833333333333333 8
1758902410794 0.95 9
1758902452361 0.85 10
1758902495746 0.95 11
1758902600279 0.95 12
1758902642340 1.0 13
1758902685601 0.95 14
1758902729536 0.9833333333333333 15
1758902778998 0.9666666666666667 16
1758902822678 0.9833333333333333 17
1758902867214 0.9833333333333333 18
1758902912529 1.0 19
