1758902023708 0.0012851818532322323 0
1758902067051 0.0011323745895142113 1
1758902110097 0.0007532658037147897 2
1758902152437 0.005543779553236589 3
1758902195304 0.006402695871946083 4
1758902238288 0.00517167073696308 5
1758902281352 0.006167829897743873 6
1758902325065 0.004449883190566248 7
1758902366749 0.017848755284170972 8
1758902410872 0.0053475935828877 9
1758902452434 0.003061849357011635 10
1758902495822 0.07293666026871401 11
1758902600353 0.025957170668397145 12
1758902642417 0.01062937062937063 13
1758902685681 0.0448642266824085 14
1758902729620 0.21818181818181817 15
1758902779081 0.024860161591050343 16
1758902822763 0.08189655172413793 17
1758902867302 0.07809110629067245 18
1758902912613 0.22085889570552147 19
