1758902023638 0.8517022504327756 0
1758902066958 0.8563185227928448 1
1758902110002 0.4800923254472014 2
1758902152345 0.981534910559723 3
1758902195210 0.9757645701096365 4
1758902238189 0.9838430467397576 5
1758902281254 0.953260242354299 6
1758902324965 0.8182342758222735 7
1758902366651 0.9930755914598961 8
1758902410762 0.96999422965955 9
1758902452329 0.9019042123485286 10
1758902495713 0.9959607616849394 11
1758902600247 0.9919215233698788 12
1758902642305 0.9642238892094633 13
1758902685566 0.9896133871898442 14
1758902729498 0.9971148297749567 15
1758902778962 0.9780727062896711 16
1758902822642 0.9971148297749567 17
1758902867176 0.996537795729948 18
1758902912492 0.9976918638199653 19
