1758902023715 0.00037279816086240643 0
1758902067060 0.0015889335451911393 1
1758902110106 0.015486725663716814 2
1758902152447 0.0847457627118644 3
1758902195313 0.01890359168241966 4
1758902238298 0.009394081728511038 5
1758902281362 0.011337868480725623 6
1758902325075 0.5 7
1758902366759 0.10050251256281408 8
1758902410882 0.40816326530612246 9
1758902452444 0.031746031746031744 10
1758902495833 0.1111111111111111 11
1758902600363 0.08771929824561403 12
1758902642428 0.013793103448275862 13
1758902685692 0.12903225806451613 14
1758902729632 0.11728395061728394 15
1758902779093 0.47619047619047616 16
1758902822775 0.8 17
1758902867315 0.3508771929824561 18
1758902912625 0.2777777777777778 19
