1758902023687 0.3791469194312796 0
1758902067023 0.4 1
1758902110068 0.08859357696567 2
1758902152409 0.7843137254901961 3
1758902195276 0.5 4
1758902238258 0.5128205128205128 5
1758902281322 0.9523809523809523 6
1758902325035 1.0 7
1758902366719 0.8695652173913043 8
1758902410840 0.6060606060606061 9
1758902452402 0.975609756097561 10
1758902495790 0.47904191616766467 11
1758902600321 0.898876404494382 12
1758902642384 0.898876404494382 13
1758902685646 0.25396825396825395 14
1758902729585 1.0 15
1758902779045 0.8080808080808081 16
1758902822727 0.9876543209876543 17
1758902867263 0.5194805194805194 18
1758902912578 0.5571428571428572 19
