1758902023738 0.10639877933917556 0
1758902067088 0.11158747354400403 1
1758902110133 0.05144922508779211 2
1758902152473 0.23259977009834915 3
1758902195341 0.15779370766145512 4
1758902238327 0.14718467410599143 5
1758902281391 0.2363733056878154 6
1758902325105 0.3335045995121294 7
1758902366789 0.2873641167186402 8
1758902410912 0.28391477943573723 9
1758902452475 0.34915146997976154 10
1758902495864 0.25999198627380615 11
1758902600394 0.31229353567734885 12
1758902642461 0.21801817781351596 13
1758902685726 0.17038386552239027 14
1758902729687 0.37133231888460905 15
1758902779128 0.36429654582029836 16
1758902822810 0.49145882159404214 17
1758902867351 0.3082184035984568 18
1758902912660 0.274352427770684 19
