1758902023754 2.6094656064446684 0
1758902067106 4.4066923620033105 1
1758902110150 8.995682720464831 2
1758902152491 9.87592161764876 3
1758902195359 8.763614477354539 4
1758902238346 10.681215782955427 5
1758902281410 10.839207379885876 6
1758902325124 9.195921154669723 7
1758902366810 9.137759412942579 8
1758902410932 8.733231477944836 9
1758902452496 10.197981411391599 10
1758902495885 11.09818627961619 11
1758902600416 9.739053439355533 12
1758902642483 10.474900748868595 13
1758902685749 10.455802863525355 14
1758902729711 13.0253365278887 15
1758902779151 10.2023218398787 16
1758902822833 10.701181753996087 17
1758902867375 14.09018831672396 18
1758902912684 14.522494994039144 19
