1758902023746 0.6190125713295613 0
1758902067097 0.35176370333983664 1
1758902110141 0.18874030312230053 2
1758902152482 0.13353551629309854 3
1758902195350 0.11756146476724771 4
1758902238337 0.12001781632692587 5
1758902281401 0.08492268188839296 6
1758902325114 0.10033117315214542 7
1758902366799 0.058991723768413065 8
1758902410922 0.07716073894217887 9
1758902452485 0.06988124473624069 10
1758902495875 0.0544131355844783 11
1758902600406 0.06631362947773327 12
1758902642472 0.0497545277632566 13
1758902685737 0.0758310609402273 14
1758902729699 0.04237501146013124 15
1758902779140 0.08725214535715403 16
1758902822822 0.044182664828409476 17
1758902867362 0.057636913229642366 18
1758902912672 0.03693366477067617 19
