1758888200640 0.2526363024455912 0
1758888238685 0.11964115920459713 1
1758888277257 0.1576777739608382 2
1758888316723 0.10160373869481895 3
1758888351800 0.16642335766423358 4
1758888387508 0.22508896797153025 5
1758888428095 0.2291460896112059 6
1758888465180 0.3776734480959833 7
1758888500399 0.18645213628988644 8
1758888535123 0.16182237600922722 9
1758888573616 0.22588035638523546 10
1758888614422 0.2419975593729466 11
1758888656883 0.35259928963513076 12
1758888699511 0.21464050158781858 13
1758888738052 0.16203624794045793 14
1758888776007 0.22027690933452435 15
1758888813720 0.20196149654921902 16
1758888851555 0.38885708834191945 17
1758888892516 0.09331409331409331 18
1758888930669 0.2782243970639636 19
1758888973051 0.09981804003119314 20
1758889013006 0.21440589696338436 21
1758889051088 0.11047397836974668 22
1758889089747 0.13352125910265444 23
1758889127395 0.22467737443134342 24
