1758888200647 0.16666666666666666 0
1758888238696 0.7307692307692307 1
1758888277268 0.17065868263473055 2
1758888316735 0.9142857142857143 3
1758888351811 0.6385542168674698 4
1758888387521 0.029381965552178316 5
1758888428106 0.24623115577889448 6
1758888465192 0.7586206896551724 7
1758888500412 0.918918918918919 8
1758888535136 0.6493506493506493 9
1758888573630 0.3352941176470588 10
1758888614450 0.631578947368421 11
1758888656900 0.5684210526315789 12
1758888699527 0.9038461538461539 13
1758888738066 0.16066481994459833 14
1758888776024 0.35 15
1758888813736 0.6309523809523809 16
1758888851575 0.42424242424242425 17
1758888892532 0.12040816326530612 18
1758888930685 0.5188679245283019 19
1758888973070 0.39325842696629215 20
1758889013022 0.4608695652173913 21
1758889051103 0.28431372549019607 22
1758889089763 0.42016806722689076 23
1758889127412 0.684931506849315 24
