1758888200711 0.0 0
1758888238771 0.0 1
1758888277345 0.0 2
1758888316813 0.0 3
1758888351888 0.0 4
1758888387619 0.0 5
1758888428192 0.0 6
1758888465291 0.0 7
1758888500501 0.05 8
1758888535226 0.0 9
1758888573716 0.0 10
1758888614582 0.0 11
1758888657005 0.0 12
1758888699625 0.0 13
1758888738164 0.0 14
1758888776126 0.0 15
1758888813836 0.0 16
1758888851676 0.05 17
1758888892639 0.0 18
1758888930795 0.3 19
1758888973213 0.0 20
1758889013135 0.1 21
1758889051216 0.8 22
1758889089879 0.0 23
1758889127524 0.6 24
