1758888200620 0.1568026737223228 0
1758888238663 0.06443712148200927 1
1758888277235 0.0875230407423886 2
1758888316700 0.05394501963584434 3
1758888351777 0.09301693071326579 4
1758888387480 0.1330598506363732 5
1758888428072 0.13568694172692472 6
1758888465151 0.27028372324539574 7
1758888500374 0.10559767210353013 8
1758888535094 0.08989555968475683 9
1758888573589 0.1324114604058894 10
1758888614373 0.1445067264573991 11
1758888656848 0.24478816408876933 12
1758888699479 0.12495259764884338 13
1758888738019 0.08986639778169901 14
1758888775972 0.13031071655041218 15
1758888813686 0.1155252659574468 16
1758888851523 0.29047890535917903 17
1758888892478 0.04922140116076242 18
1758888930633 0.17430656934306568 19
1758888973013 0.054850874185807336 20
1758889012973 0.12448827688872348 21
1758889051057 0.058944270167692964 22
1758889089709 0.0726779869067103 23
1758889127360 0.13387917680902855 24
