1758888200632 0.6497403346797461 0
1758888238675 0.8349682631275245 1
1758888277246 0.7945758799769186 2
1758888316711 0.8718984420080784 3
1758888351788 0.7893825735718407 4
1758888387494 0.7299480669359493 5
1758888428084 0.7362954414310444 6
1758888465166 0.6266589728793999 7
1758888500386 0.795729948066936 8
1758888535109 0.8095787651471437 9
1758888573603 0.7680323139065205 10
1758888614389 0.743796884016157 11
1758888656867 0.6301211771494518 12
1758888699495 0.760530871321408 13
1758888738036 0.8228505481823427 14
1758888775989 0.7114829774956722 15
1758888813703 0.8020773225620311 16
1758888851540 0.58799769186382 17
1758888892500 0.8955568378534333 18
1758888930650 0.6889786497403346 19
1758888973033 0.5539526832083093 20
1758889012990 0.7720715522215811 21
1758889051073 0.8782458165031737 22
1758889089727 0.8199653779572995 23
1758889127379 0.6982111944604732 24
