1758888200743 0.0 0
1758888238809 0.2 1
1758888277379 0.75 2
1758888316847 0.95 3
1758888351921 0.4 4
1758888387658 0.85 5
1758888428233 0.8 6
1758888465335 0.85 7
1758888500537 0.85 8
1758888535263 0.95 9
1758888573755 1.0 10
1758888614633 0.75 11
1758888657049 1.0 12
1758888699663 1.0 13
1758888738208 0.9 14
1758888776170 1.0 15
1758888813878 1.0 16
1758888851720 1.0 17
1758888892687 0.95 18
1758888930839 1.0 19
1758888973276 0.95 20
1758889013180 1.0 21
1758889051259 1.0 22
1758889089927 0.9 23
1758889127570 1.0 24
