1758888200665 0.2777777777777778 0
1758888238718 0.6785714285714286 1
1758888277289 0.2893401015228426 2
1758888316759 0.6736842105263158 3
1758888351832 0.7412587412587412 4
1758888387548 0.05703048180924287 5
1758888428130 0.3783783783783784 6
1758888465216 0.7457627118644068 7
1758888500436 0.7010309278350515 8
1758888535161 0.7299270072992701 9
1758888573654 0.4956521739130435 10
1758888614496 0.7058823529411765 11
1758888656930 0.6967741935483871 12
1758888699555 0.8392857142857143 13
1758888738094 0.2755344418052256 14
1758888776053 0.4666666666666667 15
1758888813767 0.7361111111111112 16
1758888851605 0.5833333333333334 17
1758888892563 0.21454545454545454 18
1758888930716 0.6626506024096386 19
1758888973111 0.4697986577181208 20
1758889013054 0.6057142857142858 21
1758889051135 0.4393939393939394 22
1758889089796 0.5586592178770949 23
1758889127444 0.7518796992481203 24
