1758888200693 0.961038961038961 0
1758888238749 1.0 1
1758888277322 1.0 2
1758888316791 1.0 3
1758888351866 1.0 4
1758888387589 1.0 5
1758888428166 1.0 6
1758888465260 1.0 7
1758888500476 1.0 8
1758888535202 1.0 9
1758888573691 1.0 10
1758888614552 1.0 11
1758888656975 1.0 12
1758888699598 1.0 13
1758888738136 1.0 14
1758888776098 1.0 15
1758888813810 1.0 16
1758888851650 1.0 17
1758888892609 1.0 18
1758888930766 1.0 19
1758888973170 1.0 20
1758889013101 1.0 21
1758889051186 0.961038961038961 22
1758889089846 1.0 23
1758889127492 1.0 24
