1758888200721 0.0 0
1758888238783 0.0 1
1758888277355 0.0 2
1758888316824 0.0 3
1758888351899 0.0 4
1758888387632 0.0 5
1758888428206 0.0 6
1758888465305 0.0 7
1758888500513 0.024390243902439025 8
1758888535238 0.0 9
1758888573729 0.0 10
1758888614598 0.0 11
1758888657019 0.0 12
1758888699638 0.0 13
1758888738180 0.0 14
1758888776141 0.0 15
1758888813850 0.0 16
1758888851691 0.08 17
1758888892654 0.0 18
1758888930811 0.3870967741935484 19
1758888973231 0.0 20
1758889013150 0.17391304347826086 21
1758889051231 0.2711864406779661 22
1758889089895 0.0 23
1758889127540 0.43636363636363634 24
