1758888200683 0.925 0
1758888238739 1.0 1
1758888277312 1.0 2
1758888316780 1.0 3
1758888351854 1.0 4
1758888387576 1.0 5
1758888428153 1.0 6
1758888465241 1.0 7
1758888500462 1.0 8
1758888535189 1.0 9
1758888573679 1.0 10
1758888614534 1.0 11
1758888656960 1.0 12
1758888699582 1.0 13
1758888738122 1.0 14
1758888776084 1.0 15
1758888813797 1.0 16
1758888851636 1.0 17
1758888892594 1.0 18
1758888930750 1.0 19
1758888973149 1.0 20
1758889013086 1.0 21
1758889051169 0.925 22
1758889089828 1.0 23
1758889127476 1.0 24
