1758888200674 1.0 0
1758888238728 1.0 1
1758888277300 1.0 2
1758888316770 1.0 3
1758888351842 1.0 4
1758888387561 1.0 5
1758888428142 1.0 6
1758888465228 1.0 7
1758888500449 1.0 8
1758888535174 1.0 9
1758888573666 1.0 10
1758888614516 1.0 11
1758888656945 1.0 12
1758888699569 1.0 13
1758888738108 1.0 14
1758888776069 1.0 15
1758888813782 1.0 16
1758888851621 1.0 17
1758888892579 1.0 18
1758888930734 1.0 19
1758888973130 1.0 20
1758889013069 1.0 21
1758889051153 1.0 22
1758889089813 1.0 23
1758889127459 1.0 24
