1758888200732 0.0 0
1758888238794 0.10256410256410256 1
1758888277367 0.08928571428571429 2
1758888316835 0.6333333333333333 3
1758888351910 1.0 4
1758888387645 0.011235955056179775 5
1758888428220 1.0 6
1758888465322 1.0 7
1758888500525 1.0 8
1758888535250 0.95 9
1758888573742 0.8695652173913043 10
1758888614614 1.0 11
1758888657033 0.8695652173913043 12
1758888699650 1.0 13
1758888738194 1.0 14
1758888776155 0.7142857142857143 15
1758888813864 1.0 16
1758888851706 1.0 17
1758888892671 1.0 18
1758888930825 0.9523809523809523 19
1758888973253 0.6551724137931034 20
1758889013165 0.9523809523809523 21
1758889051245 0.8333333333333334 22
1758889089910 0.9473684210526315 23
1758889127555 1.0 24
