1758888200702 0.0 0
1758888238761 0.0 1
1758888277334 0.0 2
1758888316802 0.0 3
1758888351877 0.0 4
1758888387603 0.0 5
1758888428179 0.0 6
1758888465275 0.0 7
1758888500489 0.016129032258064516 8
1758888535215 0.0 9
1758888573704 0.0 10
1758888614567 0.0 11
1758888656989 0.0 12
1758888699611 0.0 13
1758888738150 0.0 14
1758888776113 0.0 15
1758888813823 0.0 16
1758888851663 0.2 17
1758888892623 0.0 18
1758888930781 0.5454545454545454 19
1758888973191 0.0 20
1758889013117 0.6666666666666666 21
1758889051201 0.16326530612244897 22
1758889089862 0.0 23
1758889127508 0.34285714285714286 24
