1758888200753 0.0 0
1758888238820 0.13559322033898305 1
1758888277390 0.1595744680851064 2
1758888316857 0.76 3
1758888351932 0.5714285714285714 4
1758888387673 0.02217873450750163 5
1758888428245 0.8888888888888888 6
1758888465347 0.918918918918919 7
1758888500549 0.918918918918919 8
1758888535275 0.95 9
1758888573769 0.9302325581395349 10
1758888614650 0.8571428571428571 11
1758888657063 0.9302325581395349 12
1758888699676 1.0 13
1758888738221 0.9473684210526315 14
1758888776184 0.8333333333333334 15
1758888813892 1.0 16
1758888851735 1.0 17
1758888892705 0.9743589743589743 18
1758888930854 0.975609756097561 19
1758888973295 0.7755102040816326 20
1758889013194 0.975609756097561 21
1758889051273 0.9090909090909091 22
1758889089943 0.9230769230769231 23
1758889127585 1.0 24
