1758888200656 0.8333333333333334 0
1758888238707 0.6333333333333333 1
1758888277279 0.95 2
1758888316748 0.5333333333333333 3
1758888351821 0.8833333333333333 4
1758888387534 0.9666666666666667 5
1758888428118 0.8166666666666667 6
1758888465204 0.7333333333333333 7
1758888500424 0.5666666666666667 8
1758888535149 0.8333333333333334 9
1758888573643 0.95 10
1758888614472 0.8 11
1758888656914 0.9 12
1758888699541 0.7833333333333333 13
1758888738080 0.9666666666666667 14
1758888776038 0.7 15
1758888813752 0.8833333333333333 16
1758888851591 0.9333333333333333 17
1758888892547 0.9833333333333333 18
1758888930701 0.9166666666666666 19
1758888973089 0.5833333333333334 20
1758889013039 0.8833333333333333 21
1758889051119 0.9666666666666667 22
1758889089780 0.8333333333333334 23
1758889127428 0.8333333333333334 24
