1758888200764 0.298290608252466 0
1758888238831 0.3867611616230018 1
1758888277401 0.32131846871375747 2
1758888316868 0.507057589844227 3
1758888351943 0.49582213407030923 4
1758888387686 0.2608596368576549 5
1758888428257 0.4992826713756946 6
1758888465359 0.6084710157758618 7
1758888500560 0.5661584453892592 8
1758888535288 0.5683498766616994 9
1758888573782 0.5303530176875627 10
1758888614666 0.561004553891396 11
1758888657078 0.5959212082646105 12
1758888699688 0.6107852431747066 13
1758888738235 0.476987822159663 14
1758888776197 0.5040553818669049 15
1758888813906 0.5876145215320661 16
1758888851749 0.6104380843350505 17
1758888892721 0.4564437044437044 18
1758888930869 0.6607163059529423 19
1758888973315 0.4690253803661893 20
1758889013210 0.5939285964506984 21
1758889051288 0.5382368457143044 22
1758889089959 0.5230514800113346 23
1758889127602 0.68258414200862 24
