1758888200784 85.5313263192009 0
1758888238855 88.27418776114911 1
1758888277423 88.45677511950646 2
1758888316890 89.33817146428696 3
1758888351966 89.24355012326816 4
1758888387715 89.82892924522842 5
1758888428281 89.8439760639837 6
1758888465383 89.96984849010961 7
1758888500586 90.44064030001041 8
1758888535312 89.67932914337304 9
1758888573812 89.63881847749343 10
1758888614696 90.36222322534347 11
1758888657108 89.82111647395165 12
1758888699714 90.66171279095339 13
1758888738264 90.05549961225506 14
1758888776228 90.1093209254951 15
1758888813936 90.54625739319653 16
1758888851782 90.41401900528953 17
1758888892752 90.4368785953216 18
1758888930898 90.10035070662175 19
1758888973358 90.55754250726298 20
1758889013240 90.68978089516997 21
1758889051318 90.69759366644675 22
1758889089990 90.00138893711588 23
1758889127634 90.64550852460155 24
