1758888200774 0.731539712702269 0
1758888238843 0.5741050623732412 1
1758888277412 0.5275402063657357 2
1758888316879 0.4872100720415323 3
1758888351954 0.476523116748711 4
1758888387701 0.4826358521989702 5
1758888428269 0.4628427875643441 6
1758888465371 0.46000987053146 7
1758888500573 0.45552145922910076 8
1758888535300 0.4710865522971963 9
1758888573798 0.4664370273406557 10
1758888614680 0.44506772503543524 11
1758888657093 0.4659911190143666 12
1758888699700 0.4598093925137073 13
1758888738250 0.4558670472156222 14
1758888776213 0.463312550516092 15
1758888813920 0.441985562795868 16
1758888851765 0.4810430727648997 17
1758888892736 0.47312107060007597 18
1758888930884 0.45015639547881653 19
1758888973340 0.45771567566484145 20
1758889013224 0.4526936862223644 21
1758889051302 0.4464789659826568 22
1758889089974 0.5105658584696033 23
1758889127618 0.46835405366020966 24
