1758894085831 0.8130409694171956 0
1758894121938 0.45874206578188115 1
1758894166541 0.7732256203115984 2
1758894208417 0.7472590882862089 3
1758894244797 0.8049624927870744 4
1758894282728 0.7847663012117715 5
1758894322973 0.8384304673975764 6
1758894359809 0.6699365262550491 7
1758894403881 0.6439699942296595 8
1758894446378 0.7322562031159838 9
1758894483726 0.7155222158107328 10
1758894522160 0.6780150028851702 11
1758894562472 0.6503173687247548 12
1758894601816 0.8003462204270052 13
1758894644752 0.7634160415464513 14
1758894689912 0.6670513560300058 15
1758894733768 0.7651471436814772 16
1758894775423 0.8349682631275245 17
1758894818901 0.7726485862665897 18
1758894866524 0.6653202538949798 19
