1758894085814 0.07562258480034349 0
1758894121924 0.4996857322438718 1
1758894166527 0.10214971794480866 2
1758894208403 0.13373954352989775 3
1758894244784 0.08435629195138175 4
1758894282713 0.09906038313059946 5
1758894322958 0.06120213975822417 6
1758894359790 0.20212395543175488 7
1758894403865 0.21577726218097448 8
1758894446360 0.13656909169177786 9
1758894483710 0.13535640213950442 10
1758894522146 0.16126818556135053 11
1758894562449 0.20920735103025803 12
1758894601796 0.09220848291450605 13
1758894644737 0.11827284105131414 14
1758894689895 0.20900379678177544 15
1758894733752 0.11624441132637854 16
1758894775405 0.06330664566653542 17
1758894818885 0.1060678073510773 18
1758894866502 0.18298682748770037 19
