1758894085869 0.8166666666666667 0
1758894121985 0.8666666666666667 1
1758894166578 0.9333333333333333 2
1758894208459 0.8833333333333333 3
1758894244835 0.85 4
1758894282808 0.7833333333333333 5
1758894323013 0.95 6
1758894359857 0.7166666666666667 7
1758894403928 0.9 8
1758894446427 0.9666666666666667 9
1758894483768 0.9333333333333333 10
1758894522199 0.9666666666666667 11
1758894562532 0.9333333333333333 12
1758894601864 0.8 13
1758894644799 0.9333333333333333 14
1758894689956 0.95 15
1758894733817 0.9333333333333333 16
1758894775470 0.9833333333333333 17
1758894818959 0.8666666666666667 18
1758894866587 0.95 19
