1758894085858 0.5632183908045977 0
1758894121964 0.18571428571428572 1
1758894166566 0.24034334763948498 2
1758894208445 0.803030303030303 3
1758894244823 0.8360655737704918 4
1758894282779 0.8245614035087719 5
1758894323000 0.4351145038167939 6
1758894359842 0.9148936170212766 7
1758894403914 0.5625 8
1758894446412 0.06487695749440715 9
1758894483755 0.5283018867924528 10
1758894522187 0.13744075829383887 11
1758894562513 0.3835616438356164 12
1758894601848 0.6153846153846154 13
1758894644784 0.5833333333333334 14
1758894689942 0.5229357798165137 15
1758894733801 0.5283018867924528 16
1758894775455 0.05923694779116466 17
1758894818934 0.6190476190476191 18
1758894866565 0.6063829787234043 19
