1758894085960 0.0 0
1758894122074 0.0 1
1758894166657 0.0 2
1758894208547 0.0 3
1758894244927 0.0 4
1758894282966 0.0 5
1758894323107 0.0 6
1758894359957 0.0 7
1758894404033 0.0 8
1758894446532 0.07407407407407407 9
1758894483858 0.0 10
1758894522295 0.0 11
1758894562665 0.0 12
1758894601980 0.09090909090909091 13
1758894644902 0.2 14
1758894690065 0.21739130434782608 15
1758894733932 0.04271844660194175 16
1758894775576 0.20253164556962025 17
1758894819076 0.38461538461538464 18
1758894866724 0.2857142857142857 19
