1758894085971 0.0 0
1758894122085 0.0 1
1758894166668 0.5 2
1758894208558 1.0 3
1758894244939 1.0 4
1758894282980 1.0 5
1758894323121 0.9047619047619048 6
1758894359972 0.9047619047619048 7
1758894404047 0.6666666666666666 8
1758894446546 0.6060606060606061 9
1758894483870 1.0 10
1758894522308 0.6896551724137931 11
1758894562678 0.7037037037037037 12
1758894601998 0.2222222222222222 13
1758894644919 0.9047619047619048 14
1758894690081 0.8 15
1758894733948 1.0 16
1758894775596 1.0 17
1758894819091 0.8 18
1758894866744 1.0 19
