1758894085847 0.13837466241099927 0
1758894121952 0.47833935018050544 1
1758894166554 0.18045922833479228 2
1758894208431 0.22687456201822004 3
1758894244811 0.15270935960591134 4
1758894282754 0.17591514681153797 5
1758894322988 0.11407709821779069 6
1758894359827 0.3105523605724221 7
1758894403898 0.3232440260680666 8
1758894446394 0.23020408163265307 9
1758894483740 0.2276482467413255 10
1758894522174 0.26056103780906975 11
1758894562493 0.31657303370786516 12
1758894601832 0.16536512667660208 13
1758894644769 0.20481461413422092 14
1758894689927 0.31828193832599116 15
1758894733786 0.20182648401826483 16
1758894775440 0.11769011793411956 17
1758894818916 0.1865292191962109 18
1758894866544 0.2870301219815783 19
