1758894085937 0.0 0
1758894122050 0.0 1
1758894166635 0.0 2
1758894208525 0.0 3
1758894244904 0.0 4
1758894282932 0.0 5
1758894323081 0.0 6
1758894359930 0.0 7
1758894404004 0.0 8
1758894446504 0.14285714285714285 9
1758894483832 0.0 10
1758894522269 0.0 11
1758894562629 0.0 12
1758894601946 0.06521739130434782 13
1758894644873 0.3 14
1758894690034 0.19230769230769232 15
1758894733900 0.022222222222222223 16
1758894775548 0.13559322033898305 17
1758894819044 0.25862068965517243 18
1758894866686 0.18309859154929578 19
