1758894085994 0.0 0
1758894122108 0.0 1
1758894166691 0.5454545454545454 2
1758894208579 0.46153846153846156 3
1758894244961 0.8571428571428571 4
1758894283005 0.8888888888888888 5
1758894323149 0.926829268292683 6
1758894360001 0.926829268292683 7
1758894404074 0.8 8
1758894446572 0.7547169811320755 9
1758894483899 0.9743589743589743 10
1758894522337 0.8163265306122449 11
1758894562705 0.8085106382978723 12
1758894602031 0.36363636363636365 13
1758894644959 0.926829268292683 14
1758894690109 0.8888888888888888 15
1758894733980 0.9743589743589743 16
1758894775629 0.8571428571428571 17
1758894819121 0.8888888888888888 18
1758894866779 0.9743589743589743 19
