1758894085884 0.6666666666666666 0
1758894121997 0.3058823529411765 1
1758894166589 0.3822525597269625 2
1758894208475 0.8412698412698413 3
1758894244847 0.8429752066115702 4
1758894282841 0.8034188034188035 5
1758894323026 0.5968586387434555 6
1758894359872 0.8037383177570093 7
1758894403945 0.6923076923076923 8
1758894446445 0.12159329140461216 9
1758894483781 0.6746987951807228 10
1758894522212 0.24066390041493776 11
1758894562551 0.5436893203883495 12
1758894601882 0.6956521739130435 13
1758894644814 0.717948717948718 14
1758894689971 0.6745562130177515 15
1758894733833 0.6746987951807228 16
1758894775486 0.11174242424242424 17
1758894818977 0.7222222222222222 18
1758894866609 0.7402597402597403 19
