1758894086005 0.3610082658155332 0
1758894122120 0.35684434062433634 1
1758894166703 0.42163326670326 2
1758894208590 0.5059365729653046 3
1758894244971 0.5705654846720678 4
1758894283018 0.5736445678238461 5
1758894323162 0.5275530010507858 6
1758894360015 0.6056923437548025 7
1758894404086 0.5631103436751518 8
1758894446586 0.43611768564868303 9
1758894483912 0.5753412032562045 10
1758894522352 0.4635102937672505 11
1758894562719 0.5337545984788175 12
1758894602048 0.46311255102702004 13
1758894644979 0.6099185200751244 14
1758894690124 0.6146954637878863 15
1758894733996 0.5787205400319808 16
1758894775645 0.4578214089778042 17
1758894819137 0.6313229378563362 18
1758894866801 0.6549409788932954 19
