1758894086017 0.7108527279584841 0
1758894122132 0.5820689928895983 1
1758894166713 0.5263512557027086 2
1758894208601 0.4881761822903839 3
1758894244983 0.4731445470754126 4
1758894283031 0.4577793907377593 5
1758894323177 0.4574072523908776 6
1758894360030 0.452699537592621 7
1758894404099 0.4561506038200524 8
1758894446598 0.44667084644764177 9
1758894483925 0.4422928040939021 10
1758894522368 0.4447885678155796 11
1758894562733 0.43446056576738895 12
1758894602065 0.48499453629877987 13
1758894644996 0.42791294625238085 14
1758894690139 0.4260018475169178 15
1758894734011 0.4323012304556539 16
1758894775660 0.4092818331888756 17
1758894819152 0.41360585007083567 18
1758894866821 0.4129656666175773 19
