1758894086027 87.56959153674318 0
1758894122144 88.999328680394 1
1758894166725 90.02222299385396 2
1758894208612 89.94033357639732 3
1758894244994 90.52773823165157 4
1758894283046 90.21291248538722 5
1758894323190 90.06938898341377 6
1758894360043 90.8497980253944 7
1758894404113 90.39000196766091 8
1758894446613 91.33216431126081 9
1758894483937 91.40595159554151 10
1758894522384 91.72280287509983 11
1758894562746 91.30091322615368 12
1758894602082 91.25432596039214 13
1758894645012 91.44183247103487 14
1758894690152 90.69296387606052 15
1758894734026 91.24795999861107 16
1758894775677 91.1874833616908 17
1758894819167 91.54050487864161 18
1758894866845 91.58246235401693 19
