1758993008175 0.27612115520075137 0
1758993192329 0.19887185420885162 1
1758993379960 0.35991879350348027 2
1758993569750 0.2738374823860968 3
1758993757789 0.12418069782958514 4
1758993942674 0.5522609340252038 5
1758994130482 0.5843446601941747 6
1758994320960 0.26056555269922876 7
1758994510846 0.12564783213247377 8
1758994698039 0.4250614250614251 9
1758994887931 0.5076209410205434 10
1758995077376 0.27675350701402807 11
1758995263541 0.30594127020259504 12
1758995453567 0.19859970378349265 13
