1758993008159 0.1733235077376566 0
1758993192311 0.11368334022323275 1
1758993379941 0.24036412938214216 2
1758993569730 0.17190033908300162 3
1758993757769 0.06662174682051714 4
1758993942654 0.772020725388601 5
1758994130462 0.6161228406909789 6
1758994320938 0.15853353353353353 7
1758994510825 0.06777272727272728 8
1758994698016 0.3294192319898445 9
1758994887908 0.5961089494163424 10
1758995077352 0.16745483206014308 11
1758995263518 0.19055720969800086 12
1758995453543 0.11241521225516347 13
