1758794285456 0.08005876624978285 0
1758794382736 0.0674638158295959 1
1758794479138 0.06441763384448779 2
1758794575774 0.06236397665696805 3
1758794672081 0.06208121649834707 4
1758794767770 0.061268100432094394 5
1758794864505 0.05962801643492033 6
1758794963356 0.05945469942735077 7
1758795060688 0.05933609585881371 8
1758795154812 0.058701985273812034 9
1758795251871 0.05768539645418059 10
1758795348450 0.057995410786501854 11
1758795444895 0.05766883695416187 12
1758795540686 0.05738859534880181 13
1758795634696 0.05720255769793531 14
1758795733119 0.056664489269670514 15
1758795830352 0.05681498427013004 16
1758795925644 0.05660941040350331 17
1758796021818 0.056414590982000204 18
1758796116840 0.05626837286054743 19
1758796212767 0.0564828323251654 20
1758796311173 0.05606029048816439 21
1758796408368 0.05645104253030796 22
1758796502734 0.05577485215988148 23
1758796601054 0.05596638867290932 24
1758796700353 0.05611553631429733 25
1758796800274 0.05614010241507829 26
1758796896536 0.055673699227411784 27
1758797000245 0.05533004635302522 28
1758797103914 0.055491931006890136 29
1758797214198 0.05538864674434687 30
1758797323751 0.05483491660535542 31
1758797431227 0.05463301967057675 32
1758797526333 0.05478657978121191 33
1758797625295 0.05439664039980724 34
1758797729454 0.05407302521880612 35
1758797824362 0.05396096294517284 36
1758797920138 0.054012521058752164 37
1758798024328 0.05439101626911132 38
1758798123998 0.05410726517068084 39
1758798228754 0.05374813913872155 40
1758798328491 0.054067677399445395 41
1758798422283 0.054207927817090724 42
1758798518120 0.0543490120192938 43
1758798613149 0.05422595806674239 44
1758798712143 0.053939796271087186 45
1758798811195 0.05387642599775939 46
1758798916410 0.05389766272597222 47
1758799032672 0.054117367893793726 48
1758799132134 0.05342754612064541 49
1758799232607 0.05431079466197709 50
1758799327002 0.053864342756181335 51
1758799426547 0.05360676545054755 52
1758799518658 0.05372848564633858 53
1758799610601 0.055370450375075625 54
1758799701790 0.054476404407932597 55
1758799792735 0.054923167614421495 56
1758799907431 0.05526338257663021 57
1758812257039 0.05480822730813762 58
1758812334948 0.054098399302758345 59
1758812416463 0.05453355551542093 60
1758812499579 0.054270022776650474 61
1758813533281 0.05473192442417645 62
1758813627550 0.053999028270503645 63
1758813728447 0.05474041440532784 64
1758813823599 0.05391296427002763 65
1758813909759 0.05353743510497561 66
1758814001778 0.053552868017340424 67
1758814094859 0.05354022040898498 68
1758814186268 0.053620010590982724 69
1758814277536 0.05318409822450054 70
1758814369246 0.05381611845055077 71
1758814462433 0.053314573654939454 72
1758814553520 0.05336121423277763 73
1758814644920 0.05344616597035417 74
1758814736147 0.05343688313038675 75
1758814827684 0.05336340596912325 76
1758814919070 0.05322842190223229 77
1758815012846 0.0526191765715851 78
1758815105377 0.053349460907263196 79
1758815196719 0.05258405887219986 80
1758815289861 0.05302976571148503 81
1758815381365 0.05287870675963522 82
1758815473448 0.05297093629914646 83
1758815565820 0.052479715217379166 84
1758815657256 0.05252369744957563 85
1758815750641 0.05264670633766973 86
1758815845169 0.05285075992350122 87
1758815942240 0.05287414777096947 88
1758816028434 0.05280101805377786 89
1758816119703 0.05282666273535816 90
1758816213927 0.05322105433330526 91
1758816305465 0.05237607033832723 92
1758816394865 0.05258883938296802 93
1758816485566 0.052723811831696096 94
1758816576061 0.052913382052512906 95
1758816666623 0.05269056293057036 96
1758816757300 0.05322008209514294 97
1758816848283 0.05252115824108909 98
1758816939110 0.05305360718729423 99
