1758794285462 98.32633077537415 0
1758794382744 98.52078197159624 1
1758794479147 98.55955646608099 2
1758794575782 98.62263736009352 3
1758794672089 98.62842459807632 4
1758794767779 98.66083313078 5
1758794864512 98.68774378740002 6
1758794963364 98.69295230158454 7
1758795060696 98.69410974918111 8
1758795154821 98.7143650821209 9
1758795251879 98.73056934847274 10
1758795348458 98.73404169126243 11
1758795444903 98.73722467215296 12
1758795540695 98.75285021470653 13
1758795634705 98.76124170978159 14
1758795733127 98.75863745268933 15
1758795830360 98.75198212900911 16
1758795925653 98.75574383369793 17
1758796021827 98.76616086206697 18
1758796116850 98.76847575726009 19
1758796212778 98.75661191939535 20
1758796311183 98.76066298598332 21
1758796408377 98.76297788117643 22
1758796502743 98.7780246999317 23
1758796601063 98.76384596687384 24
1758796700365 98.75603319559707 25
1758796800285 98.76847575726009 26
1758796896545 98.77165873815063 27
1758797000255 98.77542044283945 28
1758797103924 98.76818639536096 29
1758797214208 98.7838119379145 30
1758797323762 98.78902045209904 31
1758797431238 98.80030556616549 32
1758797526341 98.78902045209904 33
1758797625305 98.79336088058614 34
1758797729464 98.8031991851569 35
1758797824372 98.79914811856894 36
1758797920147 98.80262046135861 37
1758798024343 98.79538641388011 38
1758798124011 98.80030556616549 39
1758798228763 98.79828003287152 40
1758798328501 98.80262046135861 41
1758798422293 98.79278215678785 42
1758798518130 98.79885875666979 43
1758798613160 98.79017789969559 44
1758798712153 98.79278215678785 45
1758798811208 98.80435663275345 46
1758798916421 98.80204173756033 47
1758799032681 98.79336088058614 48
1758799132146 98.80956514693797 49
1758799232617 98.79509705198097 50
1758799327013 98.79914811856894 51
1758799426558 98.807539613644 52
1758799518668 98.78873109019989 53
1758799610611 98.76760767156267 54
1758799701800 98.79017789969559 55
1758799792746 98.76731830966354 56
1758799907442 98.74966723381598 57
1758812257049 98.7814970427214 58
1758812334958 98.79422896628355 59
1758812416474 98.78930981399817 60
1758812499589 98.7916247091913 61
1758813533291 98.77831406183086 62
1758813633158 98.79480769008183 63
1758813728457 98.77542044283945 64
1758813823609 98.7974119471741 65
1758813909769 98.80522471845087 66
1758814001788 98.81245876592938 67
1758814094870 98.80927578503884 68
1758814186278 98.7997268423672 69
1758814277549 98.81390557542507 70
1758814369257 98.79509705198097 71
1758814462444 98.82229707050013 72
1758814553532 98.80435663275345 73
1758814644932 98.81130131833281 74
1758814736158 98.81245876592938 75
1758814827695 98.80001620426636 76
1758814919083 98.81477366112249 77
1758815012857 98.82576941328982 78
1758815105388 98.82085026100444 79
1758815196732 98.82519068949154 80
1758815289871 98.81419493732422 81
1758815381377 98.81737791821476 82
1758815473461 98.82316515619755 83
1758815565832 98.82837367038208 84
1758815657267 98.81940345150873 85
1758815750653 98.81708855631561 86
1758815845180 98.82895239418035 87
1758815942252 98.82171834670186 88
1758816028446 98.8249013275924 89
1758816119715 98.82113962290357 90
1758816213938 98.80869706124055 91
1758816305476 98.82750558468466 92
1758816394877 98.82548005139067 93
1758816485578 98.82374387999583 94
1758816576071 98.82721622278551 95
1758816666636 98.82200770860099 96
1758816757313 98.82113962290357 97
1758816848295 98.83184601317176 98
1758816939121 98.82027153720615 99
