1758887357933 0.0 0
1758887399761 0.0 1
1758887444422 0.0 2
1758887485114 0.0 3
1758887525631 0.0 4
1758887565766 0.2127659574468085 5
1758887605679 0.3939393939393939 6
1758887647770 0.14545454545454545 7
1758887705679 0.288135593220339 8
1758887765272 0.5396825396825397 9
1758887824159 0.4318181818181818 10
1758887879532 0.5070422535211268 11
1758887936242 0.35051546391752575 12
1758887994124 0.40425531914893614 13
1758888050410 0.37254901960784315 14
1758888107085 0.4175824175824176 15
1758888159481 0.4090909090909091 16
