1758887357883 0.6166666666666667 0
1758887399700 0.9166666666666666 1
1758887444347 0.75 2
1758887485045 0.95 3
1758887525564 0.7 4
1758887565696 0.7333333333333333 5
1758887605608 0.7833333333333333 6
1758887647694 0.8166666666666667 7
1758887705574 0.8166666666666667 8
1758887765177 0.9166666666666666 9
1758887824050 0.85 10
1758887879440 0.9166666666666666 11
1758887936142 0.8333333333333334 12
1758887994027 0.9333333333333333 13
1758888050306 0.9666666666666667 14
1758888106990 0.9166666666666666 15
1758888159381 0.9166666666666666 16
