1758887357890 0.6271186440677966 0
1758887399709 0.07529089664613278 1
1758887444358 0.28938906752411575 2
1758887485055 0.0890625 3
1758887525574 0.672 4
1758887565706 0.7096774193548387 5
1758887605619 0.752 6
1758887647705 0.7050359712230215 7
1758887705590 0.8305084745762712 8
1758887765191 0.7913669064748201 9
1758887824070 0.7727272727272727 10
1758887879453 0.8029197080291971 11
1758887936156 0.8620689655172413 12
1758887994040 0.7466666666666667 13
1758888050320 0.6783625730994152 14
1758888107003 0.541871921182266 15
1758888159394 0.5188679245283019 16
