1758887357852 0.21719822365765037 0
1758887399663 0.16572139991700097 1
1758887444301 0.11175222740772169 2
1758887485002 0.07398963730569948 3
1758887525523 0.17276299879081017 4
1758887565653 0.15383691605620273 5
1758887605564 0.1802726073574674 6
1758887647638 0.31860321384425216 7
1758887705511 0.13549855192387256 8
1758887765120 0.20425193721438506 9
1758887823966 0.17384952520087654 10
1758887879383 0.18075192802056556 11
1758887936083 0.12303742470623087 12
1758887993968 0.14737354085603113 13
1758888050248 0.14347305389221557 14
1758888106936 0.13312725399278721 15
1758888159323 0.13791190502607345 16
