1758887357918 0.0 0
1758887399743 0.0 1
1758887444403 0.0 2
1758887485095 0.0 3
1758887525612 0.0 4
1758887565746 0.18518518518518517 5
1758887605659 0.2826086956521739 6
1758887647749 0.08 7
1758887705650 0.17346938775510204 8
1758887765247 0.3953488372093023 9
1758887824132 0.27941176470588236 10
1758887879508 0.35294117647058826 11
1758887936215 0.22077922077922077 12
1758887994096 0.25675675675675674 13
1758888050382 0.23170731707317074 14
1758888107060 0.2676056338028169 15
1758888159453 0.2647058823529412 16
