1758887357862 0.6208886324293134 0
1758887399673 0.6912867859203693 1
1758887444314 0.7599538372763993 2
1758887485012 0.8240046162723601 3
1758887525534 0.6595499134448932 4
1758887565664 0.7391806116560877 5
1758887605576 0.7097518753606463 6
1758887647655 0.5949221004039238 7
1758887705528 0.7559145989613387 8
1758887765135 0.5931909982688979 9
1758887823986 0.6866705135603001 10
1758887879398 0.6491633006347375 11
1758887936097 0.7189844200807848 12
1758887993984 0.6993652625504905 13
1758888050263 0.6912867859203693 14
1758888106950 0.7455279861511829 15
1758888159338 0.7172533179457588 16
