1758887357876 0.6379310344827587 0
1758887399691 0.039257673090649536 1
1758887444337 0.17928286852589642 2
1758887485035 0.04672131147540984 3
1758887525555 0.6461538461538462 4
1758887565686 0.6875 5
1758887605597 0.7230769230769231 6
1758887647683 0.620253164556962 7
1758887705559 0.8448275862068966 8
1758887765163 0.6962025316455697 9
1758887824032 0.7083333333333334 10
1758887879427 0.7142857142857143 11
1758887936127 0.8928571428571429 12
1758887994012 0.6222222222222222 13
1758888050292 0.5225225225225225 14
1758888106976 0.38461538461538464 15
1758888159367 0.3618421052631579 16
