1758887357869 0.3218184537161657 0
1758887399682 0.2673510377147958 1
1758887444326 0.19485130936529071 2
1758887485023 0.13578662102410496 3
1758887525544 0.2738052461372619 4
1758887565675 0.25467196819085486 5
1758887605587 0.28751753155680226 6
1758887647670 0.414972831555645 7
1758887705543 0.2298044031225331 8
1758887765149 0.3038723026899202 9
1758887824011 0.2774539519701562 10
1758887879413 0.2827698881487998 11
1758887936111 0.21011804384485666 12
1758887993998 0.24344682133172643 13
1758888050278 0.23762769017157592 14
1758888106963 0.22591362126245848 15
1758888159352 0.23134189465847757 16
