1758887357971 0.3897874195567924 0
1758887399801 0.42146956334277397 1
1758887444464 0.46573696426677025 2
1758887485151 0.3988159780509749 3
1758887525671 0.5791610492274524 4
1758887565804 0.6254230689985004 5
1758887605717 0.6818133363187514 6
1758887647810 0.6435688601228329 7
1758887705734 0.6696896941838286 8
1758887765322 0.7269843497694559 9
1758887824212 0.6963998813031221 10
1758887879584 0.7090225604160153 11
1758887936297 0.6559690660844962 12
1758887994177 0.6649202730573729 13
1758888050470 0.6177078565757668 14
1758888107140 0.6370735920054285 15
1758888159534 0.6318601456555377 16
