1758887357993 88.46834959547206 0
1758887399825 88.15497065870343 1
1758887444485 89.22676713311805 2
1758887485170 89.21287776195933 3
1758887525705 90.1700869243145 4
1758887565825 90.03003576513073 5
1758887605738 90.12002731576328 6
1758887647830 90.18281884787666 7
1758887705770 89.75977175133396 8
1758887765348 90.44729562369064 9
1758887824241 90.42848710024654 10
1758887879613 90.36367003483917 11
1758887936338 90.948181071102 12
1758887994206 90.86397675845227 13
1758888050498 91.37933030082063 14
1758888107168 91.16317696216304 15
1758888159568 91.7008113707652 16
