1758887357982 0.6496476774315212 0
1758887399813 0.5495425222718364 1
1758887444475 0.5038620289609147 2
1758887485161 0.4876055223650851 3
1758887525695 0.47114727544839735 4
1758887565814 0.44326268355513027 5
1758887605728 0.42403168582883494 6
1758887647821 0.40107234972692957 7
1758887705757 0.39782507546875556 8
1758887765335 0.37736752795133116 9
1758887824226 0.3751462566745209 10
1758887879599 0.3652339968947625 11
1758887936311 0.36388930771534367 12
1758887994193 0.3581085479939011 13
1758888050483 0.35479566299380233 14
1758888107154 0.3532086296361457 15
1758888159549 0.34381870777643697 16
