1758990072474 0.8326601269474899 0
1758990141337 0.7674552798615119 1
1758990212245 0.6809001731102136 2
1758990279931 0.9030582804385459 3
1758990348478 0.7945758799769186 4
1758990422839 0.5874206578188114 5
1758990493519 0.6283900750144259 6
1758990563653 0.5481823427582228 7
1758990635062 0.5620311598384304 8
1758990708052 0.5631852279284478 9
1758990791525 0.603000577034045 10
1758990871197 0.5135603000577034 11
1758990940856 0.5049047893825735 12
1758991020598 0.5885747259088286 13
1758991095069 0.5926139642238892 14
1758991170627 0.5585689555683785 15
1758991241750 0.5135603000577034 16
1758991309571 0.48586266589728794 17
1758991379629 0.500865551067513 18
