1758990072467 0.0768616171300735 0
1758990141325 0.09385364476748288 1
1758990212236 0.10430478210907805 2
1758990279921 0.06064716140282891 3
1758990348469 0.0770522074869901 4
1758990422824 0.2470873786407767 5
1758990493507 0.12905901872481632 6
1758990563642 0.23791635361883295 7
1758990635051 0.3033322952351292 8
1758990708035 0.23512406649000242 9
1758990791512 0.16923076923076924 10
1758990871185 0.4842219804134929 11
1758990940844 0.5069524913093859 12
1758991020584 0.1848160898713535 13
1758991095056 0.27176501720031754 14
1758991170614 0.35123367198838895 15
1758991241738 0.525383707201889 16
1758991309557 0.35602536997885836 17
1758991379616 0.2578728461081402 18
