1758990072495 0.9166666666666666 0
1758990141365 0.9 1
1758990212275 0.9333333333333333 2
1758990279960 1.0 3
1758990348509 0.9833333333333333 4
1758990422879 0.95 5
1758990493550 0.9666666666666667 6
1758990563685 0.9666666666666667 7
1758990635094 0.9666666666666667 8
1758990708093 0.9666666666666667 9
1758990791558 0.95 10
1758990871232 0.9666666666666667 11
1758990940893 0.9666666666666667 12
1758991020640 0.9833333333333333 13
1758991095105 0.9666666666666667 14
1758991170663 0.9666666666666667 15
1758991241787 0.9666666666666667 16
1758991309608 0.95 17
1758991379672 0.95 18
