1758990072509 0.9302325581395349 0
1758990141385 1.0 1
1758990212294 0.975609756097561 2
1758990279980 1.0 3
1758990348529 0.9523809523809523 4
1758990422903 0.851063829787234 5
1758990493571 1.0 6
1758990563705 1.0 7
1758990635115 1.0 8
1758990708121 0.9523809523809523 9
1758990791581 0.9523809523809523 10
1758990871255 1.0 11
1758990940917 1.0 12
1758991020666 1.0 13
1758991095128 0.8888888888888888 14
1758991170687 1.0 15
1758991241812 1.0 16
1758991309633 0.8888888888888888 17
1758991379699 1.0 18
