1758990072577 0.2608695652173913 0
1758990141473 0.4 1
1758990212373 0.4578313253012048 2
1758990280061 0.7441860465116279 3
1758990348608 0.5405405405405406 4
1758990422995 0.8888888888888888 5
1758990493658 0.851063829787234 6
1758990563789 0.9523809523809523 7
1758990635204 0.9302325581395349 8
1758990708228 0.8163265306122449 9
1758990791678 0.8888888888888888 10
1758990871350 0.7142857142857143 11
1758990941011 0.851063829787234 12
1758991020777 0.8695652173913043 13
1758991095226 0.9090909090909091 14
1758991170788 0.9302325581395349 15
1758991241914 0.9090909090909091 16
1758991309737 0.9090909090909091 17
1758991379808 0.8163265306122449 18
