1758990072502 0.6832298136645962 0
1758990141375 0.8372093023255814 1
1758990212284 0.896 2
1758990279970 0.17883755588673622 3
1758990348519 0.4 4
1758990422891 0.926829268292683 5
1758990493560 0.8592592592592593 6
1758990563696 0.9206349206349206 7
1758990635105 0.928 8
1758990708106 0.8992248062015504 9
1758990791570 0.9421487603305785 10
1758990871244 0.943089430894309 11
1758990940905 0.9508196721311475 12
1758991020653 0.8676470588235294 13
1758991095116 0.8529411764705882 14
1758991170675 0.8923076923076924 15
1758991241800 0.9133858267716536 16
1758991309621 0.76 17
1758991379685 0.95 18
