1758990072559 1.0 0
1758990141453 1.0 1
1758990212355 0.30158730158730157 2
1758990280041 0.6956521739130435 3
1758990348588 0.37037037037037035 4
1758990422972 0.8 5
1758990493636 0.7407407407407407 6
1758990563767 0.9090909090909091 7
1758990635182 0.8695652173913043 8
1758990708203 0.6896551724137931 9
1758990791653 0.8 10
1758990871327 0.5555555555555556 11
1758990940988 0.7407407407407407 12
1758991020748 0.7692307692307693 13
1758991095202 0.8333333333333334 14
1758991170763 0.8695652173913043 15
1758991241889 0.8333333333333334 16
1758991309710 0.8333333333333334 17
1758991379782 0.6896551724137931 18
