1758990072533 0.0 0
1758990141424 0.0 1
1758990212324 0.5 2
1758990280010 0.2972972972972973 3
1758990348558 0.22388059701492538 4
1758990422939 0.3829787234042553 5
1758990493603 0.24358974358974358 6
1758990563735 0.4090909090909091 7
1758990635149 0.3333333333333333 8
1758990708163 0.3584905660377358 9
1758990791618 0.37209302325581395 10
1758990871291 0.4 11
1758990940953 0.3103448275862069 12
1758991020705 0.2465753424657534 13
1758991095165 0.028273809523809524 14
1758991170726 0.3333333333333333 15
1758991241851 0.41025641025641024 16
1758991309672 0.1917808219178082 17
1758991379741 0.35294117647058826 18
