1758990072550 0.0 0
1758990141443 0.0 1
1758990212345 0.16666666666666666 2
1758990280031 0.38596491228070173 3
1758990348578 0.3448275862068966 4
1758990422961 0.5373134328358209 5
1758990493624 0.3877551020408163 6
1758990563756 0.5625 7
1758990635170 0.4788732394366197 8
1758990708190 0.5205479452054794 9
1758990791641 0.5079365079365079 10
1758990871314 0.5538461538461539 11
1758990940977 0.46153846153846156 12
1758991020734 0.3870967741935484 13
1758991095190 0.05491329479768786 14
1758991170751 0.4788732394366197 15
1758991241876 0.5423728813559322 16
1758991309697 0.3010752688172043 17
1758991379768 0.5070422535211268 18
