1758990072525 0.963855421686747 0
1758990141413 0.8888888888888888 1
1758990212314 0.9876543209876543 2
1758990280000 1.0 3
1758990348548 0.975609756097561 4
1758990422927 0.9195402298850575 5
1758990493592 1.0 6
1758990563725 1.0 7
1758990635137 1.0 8
1758990708151 0.975609756097561 9
1758990791606 0.975609756097561 10
1758990871279 1.0 11
1758990940941 1.0 12
1758991020692 1.0 13
1758991095152 0.9411764705882353 14
1758991170713 1.0 15
1758991241838 1.0 16
1758991309658 0.9411764705882353 17
1758991379727 1.0 18
