1758990072481 0.1407324328278149 0
1758990141346 0.16725352112676056 1
1758990212255 0.18089835965046758 2
1758990279940 0.11366112281211417 3
1758990348489 0.14048153438073863 4
1758990422853 0.34785580044421666 5
1758990493529 0.21413823616163602 6
1758990563663 0.3318197694725812 7
1758990635072 0.3940129449838188 8
1758990708067 0.3317471108089735 9
1758990791536 0.2642893272635306 10
1758990871209 0.49845981517782134 11
1758990940868 0.5059265683723619 12
1758991020612 0.28130170987313846 13
1758991095081 0.37264150943396224 14
1758991170639 0.4312764535531299 15
1758991241762 0.519404727166618 16
1758991309583 0.4109321620302587 17
1758991379643 0.34045891351245344 18
