1758990072488 0.5445544554455446 0
1758990141356 0.782608695652174 1
1758990212265 0.8615384615384616 2
1758990279950 0.09819967266775777 3
1758990348499 0.251063829787234 4
1758990422867 0.9047619047619048 5
1758990493539 0.7733333333333333 6
1758990563674 0.8787878787878788 7
1758990635083 0.8923076923076924 8
1758990708080 0.8405797101449275 9
1758990791547 0.9344262295081968 10
1758990871221 0.9206349206349206 11
1758990940880 0.9354838709677419 12
1758991020627 0.7763157894736842 13
1758991095093 0.7631578947368421 14
1758991170651 0.8285714285714286 15
1758991241775 0.8656716417910447 16
1758991309595 0.6333333333333333 17
1758991379657 0.95 18
