1758990072586 0.4097374466793099 0
1758990141483 0.4586703424682462 1
1758990212383 0.5378101345211986 2
1758990280072 0.48452992749823603 3
1758990348618 0.48029188344514734 4
1758990423008 0.7240855240693332 5
1758990493668 0.662443285449789 6
1758990563800 0.7534671284976909 7
1758990635215 0.7462237485119946 8
1758990708252 0.7086912297851617 9
1758990791691 0.7157746481034134 10
1758990871362 0.7419362228407997 11
1758990941023 0.753869706365841 12
1758991020790 0.6811221520563041 13
1758991095239 0.6261526720762766 14
1758991170801 0.7465379886873953 15
1758991241927 0.7768508688770226 16
1758991309750 0.6644549621053215 17
1758991379821 0.722765539529165 18
