1758990072595 0.5640639996353571 0
1758990141493 0.40331924172195915 1
1758990212392 0.32103359275441445 2
1758990280082 0.24863009075871323 3
1758990348628 0.20532102329982013 4
1758990423019 0.1655372980625597 5
1758990493679 0.13578153533887988 6
1758990563811 0.11407583182999925 7
1758990635226 0.09717842367909423 8
1758990708265 0.09852512197504606 9
1758990791705 0.07440627242494546 10
1758990871374 0.06832253129869396 11
1758990941034 0.05651874086666592 12
1758991020803 0.05331777592114964 13
1758991095251 0.05385419802291667 14
1758991170813 0.0419047123479147 15
1758991241940 0.044555254487121165 16
1758991309763 0.04010694667519534 17
1758991379834 0.039368341387156155 18
