1758990072604 89.38298685063432 0
1758990141503 90.90598666543198 1
1758990212401 91.36986063524401 2
1758990280092 92.37458329474951 3
1758990348639 93.33705667191407 4
1758990423040 94.3186290397259 5
1758990493690 95.19631447356237 6
1758990563821 95.84799518473933 7
1758990635237 96.61253356792295 8
1758990708278 96.84056394110566 9
1758990791718 97.53362579868507 10
1758990871385 97.71709186035744 11
1758990941046 98.08170895453283 12
1758991020828 98.28340587091397 13
1758991095263 98.29845356051486 14
1758991170825 98.63847346976571 15
1758991241953 98.62516205204186 16
1758991309776 98.69924298546162 17
1758991379847 98.82251828873044 18
